8.806593 3.492729 1.363636 0.500336 1.665935 0.883883 1.006934 0.510527 0.019264 0.316616 -0.358414 0.253987 0.221375 -0.346486 0.115324 0.116619 0.531072 0.809989 0.869226 -0.091965 0.008350 0.021687 -0.047814 0.069720 0.056477 0.037072 -0.006482 -0.033791 -0.019379 -0.052806 -0.015191 -0.015330 -0.029681 -0.014579 -0.034592 -0.017080 -0.024901 -0.010458 
-16.211896 -4.637110 1.145418 -4.279215 2.605858 -2.691800 0.328907 0.687383 -1.691011 1.151059 -1.676546 0.662433 -0.186045 -1.134631 0.890199 -1.438684 0.637175 -0.271273 -0.968099 0.069146 0.018414 -0.041073 0.198647 -0.062729 0.042809 -0.093134 -0.121441 -0.111360 -0.245567 -0.147369 -0.213426 -0.113128 -0.024850 -0.068362 -0.013384 -0.154843 -0.110545 -0.032029 
-4.943531 -3.673620 -1.616408 0.034450 -1.743345 -0.945716 -1.074633 -0.703067 -0.401019 -1.032018 -0.392818 -0.895571 -0.643482 -0.247259 -0.685450 -0.337968 -0.731593 -0.641974 -0.524522 0.045059 -0.001184 -0.008814 0.026680 -0.016667 0.015296 -0.010795 -0.014258 0.007101 -0.008746 0.009189 -0.004811 0.001707 0.015626 0.002198 0.011103 -0.000468 0.000441 0.002336 
5.166634 5.167259 3.103101 1.940250 3.658572 3.149894 2.649330 1.464648 1.073851 1.653436 0.984370 1.179653 0.653904 0.048071 0.356984 0.032840 0.348218 0.576935 0.780916 -0.312144 -0.157013 -0.107844 -0.015340 -0.086146 -0.131369 -0.065824 -0.037209 0.013932 0.104559 0.130253 0.087488 0.057492 0.049837 0.036948 0.064897 0.093975 0.059013 0.037494 
-1.697474 -2.462412 -0.978922 1.004867 -2.003096 -0.386056 -1.093342 -0.710561 -0.162091 -1.567380 -0.563388 -1.285703 -0.806344 -0.112242 -0.804192 -0.231991 -0.946317 -0.649080 -0.502059 0.108506 0.029830 -0.007085 0.033862 -0.040769 0.003932 -0.019499 -0.016707 0.000095 -0.025051 0.007773 -0.011022 0.001866 0.008879 -0.011014 0.015383 -0.002649 0.004076 0.003772 
0.328661 -1.467639 -1.749606 -0.646797 -1.783545 -1.135310 -1.131963 -0.656769 -0.444361 -0.845539 -0.017203 -0.266935 -0.115187 0.093850 -0.338761 -0.063051 -0.309011 -0.232299 -0.288687 0.061515 -0.001623 -0.011424 -0.027552 0.003906 -0.014856 0.019135 0.046568 0.057125 0.071826 0.051571 0.064673 0.044177 0.010106 0.026050 0.033330 0.045530 0.039305 0.021737 
-8.139427 -1.979719 -0.676917 -3.311183 0.405007 -2.060369 -0.180713 0.024651 -1.237916 0.332343 -0.900320 0.258920 -0.146009 -0.561254 0.426990 -0.689493 0.285238 -0.333829 -0.684264 -0.436353 -0.245778 -0.107138 -0.012336 -0.136890 -0.068902 -0.062307 -0.043837 -0.042850 -0.071898 -0.015405 -0.067291 -0.036374 0.013015 -0.020259 0.000705 -0.040434 -0.050555 -0.046233 
4.072734 5.028632 2.422203 -2.219565 2.961144 1.555566 1.303729 0.180088 -0.901477 0.187282 -1.332337 0.326891 0.210497 -0.298859 0.812508 -0.275517 0.805175 0.787600 0.584054 0.031408 0.079769 0.086934 0.089190 0.092828 0.141676 0.111484 0.051289 0.012525 -0.035174 -0.044061 -0.036763 -0.046988 -0.054455 -0.043337 -0.059625 -0.089739 -0.047979 0.004970 
1.924687 0.179865 0.404648 1.586382 -1.332225 -0.022419 -0.633170 -0.312152 0.141343 -1.004931 -0.047230 -0.660899 -0.232076 0.225784 -0.466623 0.144695 -0.447074 -0.198691 -0.063305 0.194364 0.095032 0.026104 0.000551 0.039655 0.006911 0.019505 0.031099 0.032317 0.052801 0.034775 0.034680 0.026489 0.012733 0.015926 0.014811 0.031227 0.029001 0.026301 
4.424268 4.187237 -0.293271 -2.820826 3.063186 0.815810 1.468785 0.587001 0.385528 3.254441 1.611650 2.543496 1.803017 0.642141 1.693279 0.785341 1.604932 0.879986 0.678075 -0.356414 -0.201401 -0.013971 -0.171741 -0.010808 -0.120167 -0.034021 0.044308 -0.014718 -0.019220 -0.097181 -0.027579 -0.037467 -0.040949 0.008521 -0.061997 -0.017736 -0.034717 -0.069847 
4.705440 2.194062 1.427404 1.372410 0.431779 0.232331 0.803022 1.181623 1.779802 2.096992 1.900622 1.540501 0.968695 0.713951 0.870993 1.061588 1.151827 0.966453 0.738765 0.348161 0.253437 0.076242 -0.034293 0.164800 0.067897 0.081306 0.022223 -0.010308 0.089921 0.023110 0.052108 0.020977 -0.021720 0.023666 0.002234 0.054631 0.036166 0.013228 
-2.835507 -1.391641 -0.399658 0.760847 -0.670727 -0.010267 -0.290595 -0.040722 0.253243 -0.325547 0.194768 -0.295266 -0.144369 0.199562 -0.193781 0.098047 -0.271092 -0.276732 -0.196188 0.004177 -0.010525 -0.002198 0.007955 -0.037222 -0.025424 -0.028555 -0.022792 -0.012639 -0.026191 -0.011920 -0.008823 -0.003642 0.004065 -0.003676 -0.005598 -0.011074 -0.001772 -0.000573 
