3 3 3 3 3 3 3 3 3 3 3 3 3 3 3 3 3 3 3 3 3 3 3 3 3 3 3 3 3 3 3 4 4 2 2 2 7 7 7 7 7 7 7 7 7 2 2 2 2 2 2 2 2 2 2 2 2 4 4 4 4 4 3 3 3 3 3 3 3 3 3 3 3 3 
4 4 4 4 4 4 4 4 2 2 2 2 2 2 2 4 4 4 4 4 4 4 4 4 4 4 4 4 4 4 4 4 4 2 2 7 7 7 5 11 11 10 1 1 6 6 6 6 6 6 6 6 6 6 1 1 1 1 10 10 10 10 10 10 10 10 11 11 11 5 5 5 5 7 7 7 7 7 2 
3 3 3 3 3 3 3 3 4 4 4 4 4 4 4 4 4 4 4 4 4 4 4 4 4 4 4 3 3 3 3 3 3 3 3 3 3 3 3 3 3 3 3 3 3 3 3 3 3 3 3 3 3 3 3 3 3 3 3 3 3 3 3 4 4 4 4 4 4 4 2 2 2 2 7 7 7 5 5 11 11 11 10 10 1 1 1 1 6 6 6 6 6 6 6 1 1 1 1 10 10 11 11 11 11 5 5 5 5 5 5 5 5 5 11 11 11 11 11 11 11 5 5 5 5 7 7 7 7 2 2 2 2 2 4 4 4 4 
2 2 2 7 7 7 7 5 5 5 11 11 11 11 11 11 5 5 5 5 5 7 7 7 7 2 2 2 2 2 4 4 4 4 2 2 2 2 7 7 5 5 11 10 10 1 6 6 6 12 12 12 12 12 12 12 12 12 12 6 6 6 1 1 1 1 1 1 1 1 10 10 11 11 5 5 7 7 2 2 
2 2 2 2 2 2 7 7 7 7 7 5 5 5 5 5 5 5 5 5 7 7 7 7 7 2 2 2 2 2 4 4 4 4 4 2 2 2 2 7 7 5 5 11 11 10 1 1 6 6 6 6 6 6 6 6 6 6 6 1 1 1 10 10 11 11 11 11 11 10 10 10 10 10 10 11 11 11 5 7 7 7 2 2 2 2 
3 3 3 3 3 3 3 3 3 3 3 3 3 3 3 3 3 3 3 3 3 3 3 3 4 4 4 2 2 7 7 2 2 4 4 4 4 4 4 4 4 4 4 3 3 3 3 3 3 3 3 3 
2 2 2 2 2 7 7 5 5 5 5 5 5 5 5 5 7 7 7 2 2 2 2 4 4 4 4 4 2 2 2 7 5 5 11 10 1 6 6 12 12 12 12 12 12 12 12 12 12 12 6 6 6 1 1 1 1 1 1 1 6 6 1 1 10 11 5 5 7 7 7 2 
7 7 7 2 4 4 4 11 12 8 8 9 12 6 6 6 1 10 5 5 7 2 2 
2 2 2 2 2 2 2 4 4 4 4 4 4 4 4 4 4 4 4 2 2 2 2 2 2 2 2 7 7 7 7 5 5 5 11 11 10 10 10 1 1 1 1 6 6 6 6 6 6 6 6 1 1 1 1 1 10 10 10 11 11 11 11 11 11 11 11 11 10 10 10 10 10 10 10 10 10 11 11 5 5 5 7 7 7 7 2 2 2 2 2 4 4 4 4 4 
2 2 2 2 2 2 2 2 2 2 2 2 4 4 4 4 4 4 4 4 4 4 4 4 4 4 4 4 4 4 4 2 2 2 2 7 7 5 11 11 10 10 1 1 6 6 6 6 6 6 6 6 1 1 1 10 11 11 11 5 5 5 5 5 5 5 5 5 5 7 7 7 7 2 2 4 4 4 4 4 3 3 3 3 3 3 3 3 
2 2 7 7 7 7 7 2 2 2 2 4 4 4 4 4 4 4 4 4 4 4 4 4 2 2 7 7 5 11 10 1 1 6 6 12 12 9 9 9 9 12 12 12 6 6 1 1 1 1 1 1 1 1 1 10 10 11 11 7 7 2 4 4 4 4 
7 7 7 7 5 5 5 5 5 5 5 5 7 7 7 2 2 2 2 2 2 2 2 7 7 5 11 10 1 6 6 12 9 9 9 9 9 9 9 9 9 12 12 12 12 12 12 12 12 12 12 6 6 1 10 11 7 7 2 
7 7 7 7 5 5 5 5 5 5 5 5 5 5 7 7 7 7 7 7 2 2 2 2 2 7 7 7 5 5 11 11 10 1 1 6 6 6 6 12 12 12 12 12 12 12 12 12 12 6 6 6 1 1 1 1 1 1 1 1 1 10 10 10 11 5 5 7 7 2 
2 2 7 7 7 7 7 7 2 2 2 2 4 4 4 4 4 4 4 4 4 2 7 7 5 11 10 1 1 1 1 1 10 11 11 5 5 5 5 5 5 5 7 7 2 4 4 4 
4 4 2 2 2 2 2 4 4 4 4 4 4 4 4 2 2 7 5 11 10 1 6 6 6 1 1 10 11 11 11 11 11 5 5 5 5 7 2 4 4 3 
4 4 4 4 4 4 4 4 4 3 3 3 3 3 3 3 4 4 2 7 5 11 10 10 1 6 6 1 1 10 11 5 5 5 5 5 5 5 7 7 7 2 4 4 3 3 
4 2 2 2 2 2 2 2 2 2 4 4 4 4 4 4 4 4 4 4 4 4 2 7 7 5 1 6 6 12 12 12 12 12 12 12 12 6 6 1 1 1 10 10 10 10 10 10 10 11 5 5 7 7 2 4 
4 4 2 2 2 2 2 2 2 2 2 4 4 4 4 3 3 3 3 3 4 4 2 2 7 11 10 1 1 6 6 6 6 1 1 10 10 11 11 11 11 11 11 11 11 5 7 7 2 4 4 3 
4 4 4 2 2 2 2 2 2 2 2 2 2 2 2 2 2 2 2 4 4 4 4 4 4 4 4 4 4 4 4 4 4 4 4 4 4 4 4 4 2 2 2 2 7 7 7 5 5 5 11 11 10 10 1 1 1 6 6 6 6 6 6 6 6 1 1 1 10 10 11 11 11 5 5 5 5 11 11 11 5 5 7 7 2 2 
4 4 4 4 4 4 4 4 4 2 2 2 2 2 2 2 2 2 2 2 2 2 2 2 2 2 4 4 4 4 4 4 4 4 4 4 4 4 4 4 4 4 2 2 2 2 2 7 7 7 5 5 5 11 11 11 10 1 1 6 6 6 6 12 12 12 12 12 9 9 9 9 9 9 9 12 12 12 12 12 6 6 6 1 1 10 10 11 11 11 11 11 11 10 10 1 1 6 6 6 6 6 6 6 6 1 10 10 11 5 5 5 5 7 7 7 7 7 7 7 7 7 
2 2 2 2 2 2 2 2 2 2 4 4 4 4 4 4 4 2 2 2 2 2 7 7 5 5 11 11 10 1 6 6 12 12 12 9 9 9 9 9 9 12 12 12 6 6 6 1 10 10 11 11 11 11 10 10 10 10 10 11 5 5 5 7 7 7 
4 4 4 4 2 2 2 2 2 2 2 2 2 2 2 4 4 4 4 4 4 4 4 3 3 3 3 3 3 3 3 3 3 3 3 3 3 3 3 3 3 4 4 4 4 4 4 4 2 2 2 7 7 7 5 5 5 11 11 10 1 1 6 6 12 12 12 12 12 12 9 9 9 9 9 9 9 12 12 12 12 12 6 6 6 1 1 10 10 11 11 11 5 5 5 5 5 5 5 5 5 5 5 5 5 5 7 7 7 7 2 2 4 4 4 4 4 4 4 4 4 
2 2 2 2 2 4 4 4 4 4 4 4 4 4 4 4 4 3 3 3 3 3 3 3 3 3 3 3 3 3 3 3 3 3 3 3 3 3 3 3 3 3 3 3 3 3 3 3 3 3 3 3 3 3 3 4 4 4 4 4 4 4 4 4 4 4 4 2 2 2 2 2 2 2 2 2 7 7 7 7 7 7 7 5 5 5 5 5 5 11 11 11 11 11 11 10 10 10 10 1 1 1 1 1 1 6 6 6 6 6 6 6 6 6 6 6 6 6 6 6 6 6 6 6 6 6 6 6 6 6 6 6 1 1 10 10 10 10 11 11 11 11 5 5 5 5 5 5 5 5 11 11 11 11 11 10 10 10 10 11 11 11 11 11 5 5 5 5 7 7 7 7 7 7 2 2 2 2 
5 5 11 11 11 11 11 5 5 5 5 11 10 6 12 9 8 8 8 9 9 12 12 12 12 12 12 6 6 1 10 10 10 
2 2 4 4 4 4 4 4 4 4 4 4 2 2 7 7 5 5 11 11 11 5 5 7 7 7 7 7 7 7 7 7 7 2 2 4 
10 1 1 1 1 10 10 10 10 11 11 11 5 5 5 5 7 7 7 7 2 2 2 2 2 2 2 2 2 2 7 7 7 5 5 11 10 1 6 6 12 12 9 9 9 8 8 8 8 8 8 8 8 8 8 8 8 8 9 9 9 9 9 9 9 9 9 9 9 9 12 12 12 6 6 6 1 1 10 10 10 10 11 
3 3 3 3 3 4 4 4 4 4 4 4 4 4 4 4 4 4 4 4 4 4 3 3 3 3 3 3 3 3 3 3 3 3 3 3 3 3 3 3 3 3 3 3 3 3 3 3 3 3 3 3 3 3 3 3 3 4 4 4 4 4 4 4 2 2 2 2 7 7 7 7 5 5 5 5 11 11 11 10 10 10 10 10 10 10 10 10 10 11 11 11 11 11 5 5 5 5 5 7 7 7 7 7 7 7 7 7 7 7 7 2 2 2 2 2 4 4 4 4 4 4 
3 3 3 3 3 3 3 3 3 3 3 3 4 4 4 4 4 4 3 3 3 3 3 3 3 3 3 3 3 3 3 3 3 3 3 3 3 3 3 3 3 3 4 4 4 4 4 4 4 4 2 2 2 2 2 7 7 7 7 7 7 7 7 7 7 7 7 7 7 2 2 2 2 2 2 2 2 2 2 2 2 2 2 2 2 2 4 4 4 4 4 4 4 4 
4 4 4 4 4 4 4 4 4 4 4 4 4 4 4 4 2 2 2 2 2 2 2 2 2 2 2 2 4 4 4 4 4 4 4 4 4 4 3 3 3 3 3 3 3 3 3 4 4 4 4 2 2 7 7 5 11 10 10 1 6 6 6 6 6 6 6 6 1 1 10 10 10 10 10 10 11 11 11 11 11 11 11 11 11 5 5 5 5 5 5 5 5 7 7 7 2 2 2 2 2 2 4 4 4 
5 5 5 11 11 11 11 11 11 11 11 11 11 11 11 11 5 5 5 5 5 5 5 5 5 5 5 5 5 5 11 10 10 1 1 6 6 6 12 12 12 12 12 6 6 6 6 6 1 1 1 1 1 1 1 1 10 10 11 11 11 5 5 
7 7 5 5 5 5 5 5 5 5 5 5 5 5 5 5 5 7 7 7 7 7 7 2 2 2 2 2 2 7 7 7 7 5 5 5 11 10 10 1 6 6 6 6 12 12 12 12 12 12 12 12 6 6 6 6 6 1 1 1 1 1 1 1 1 1 1 10 11 11 11 5 5 5 5 
7 7 7 5 5 5 5 5 5 5 5 5 5 5 5 5 7 7 7 7 7 7 7 7 7 7 7 7 7 7 7 7 5 5 5 5 11 11 10 1 1 1 6 6 6 6 6 12 12 12 6 6 6 6 6 6 6 1 1 1 1 1 1 10 10 10 10 10 10 10 10 10 11 11 11 11 5 5 5 
2 2 2 2 7 7 7 7 7 7 7 7 2 2 2 2 2 2 2 2 2 7 7 7 5 11 10 1 1 6 6 6 1 1 1 10 10 10 11 11 11 11 11 11 11 11 11 5 5 7 7 7 7 7 
7 7 7 7 7 5 5 5 5 5 5 5 5 5 7 7 7 7 7 7 7 7 2 2 2 2 2 2 7 7 7 7 5 5 5 11 11 10 1 1 6 6 6 6 6 6 6 1 1 1 10 10 10 10 11 11 11 11 11 11 11 11 5 5 5 5 7 7 7 
2 2 2 2 2 2 2 2 7 7 7 7 7 7 7 7 7 7 7 7 2 2 2 2 2 2 4 4 4 4 4 4 4 4 4 4 2 2 2 2 7 7 7 5 5 5 11 11 10 10 10 10 10 10 10 10 10 10 10 11 11 11 11 5 5 5 5 5 5 5 7 7 7 7 2 2 
4 4 4 4 4 2 2 2 2 2 2 2 2 2 2 2 2 2 2 2 2 2 2 2 4 4 4 4 4 4 4 4 4 4 4 4 4 4 4 2 2 2 7 5 5 11 10 10 1 1 6 6 6 6 6 6 6 6 6 6 6 6 1 1 10 10 10 11 11 11 11 5 5 5 5 5 5 5 5 5 5 5 5 5 5 5 5 5 5 7 7 7 7 7 7 7 2 2 
4 4 4 4 4 4 4 4 4 4 4 4 4 4 4 4 4 4 4 4 3 3 3 3 3 3 3 3 3 3 3 3 3 3 3 3 3 3 3 3 3 3 3 3 3 3 4 4 4 4 4 4 4 4 4 4 2 2 2 2 2 7 7 7 7 7 5 5 5 5 5 11 11 11 11 11 11 11 11 11 11 11 11 11 11 5 5 5 5 5 5 7 7 7 7 7 7 7 7 7 7 7 2 2 2 2 2 2 2 2 2 2 2 2 4 4 4 4 4 4 4 
4 4 4 4 4 4 4 4 4 4 4 4 4 4 4 4 4 4 4 4 4 3 3 3 3 3 3 3 3 3 3 3 3 3 3 3 3 3 3 3 3 3 3 3 4 4 4 4 4 4 4 4 4 4 2 2 2 2 2 2 7 7 7 7 7 7 5 5 5 5 5 5 5 5 5 5 5 5 5 5 5 5 7 7 7 7 7 7 7 2 2 2 2 2 2 2 2 2 2 2 2 2 2 4 4 4 4 4 4 4 4 
3 4 4 4 4 4 4 4 4 4 4 4 4 4 4 4 4 4 4 4 4 4 4 4 4 4 4 3 3 3 3 3 3 3 3 3 3 3 3 3 3 3 3 3 3 4 4 4 4 4 4 4 2 2 2 2 7 7 7 5 5 5 5 5 5 5 5 5 5 5 5 5 7 7 7 7 7 7 2 2 2 2 2 2 2 2 2 2 2 4 4 4 4 4 
2 2 2 7 7 7 7 7 7 7 7 7 7 7 7 7 7 2 2 2 2 2 2 2 2 2 2 2 2 2 2 2 2 2 7 7 5 5 11 10 1 1 6 6 6 12 12 12 12 6 6 6 6 1 1 1 10 10 10 10 10 10 10 10 10 11 11 11 5 5 5 7 7 7 7 
4 4 4 4 4 4 4 4 4 4 4 4 4 4 4 4 4 4 4 4 4 3 3 3 3 3 3 3 4 4 4 4 4 4 4 4 4 4 2 2 2 2 7 7 7 7 5 5 11 11 11 11 11 10 10 10 10 11 11 11 11 11 5 5 5 5 5 5 5 5 5 5 5 5 7 7 7 7 7 2 2 2 2 2 2 4 
3 3 3 3 3 4 4 4 4 4 4 4 4 2 2 2 2 2 2 2 2 2 2 2 2 4 4 4 4 4 4 4 4 3 3 3 3 3 3 3 3 3 3 3 3 3 3 3 4 4 4 4 4 4 4 4 4 4 2 2 2 2 7 7 7 5 5 11 11 11 10 10 10 1 1 1 1 1 1 10 10 10 10 10 11 11 11 11 5 5 5 5 5 5 5 5 5 5 5 7 7 7 7 7 7 7 2 2 2 2 2 2 
7 7 5 5 5 5 11 11 11 11 11 11 5 5 5 5 5 5 7 7 7 7 7 2 2 2 7 7 7 7 5 5 11 11 10 10 1 1 6 6 6 6 6 6 6 6 6 6 1 1 1 10 10 10 10 10 10 10 10 1 1 10 10 11 11 5 5 7 7 7 
4 4 4 4 4 4 4 4 4 4 4 4 4 4 4 4 4 4 4 4 4 4 4 4 4 3 3 3 3 3 3 3 3 3 3 3 3 4 4 4 4 4 2 2 7 5 5 5 11 10 10 1 1 1 1 1 1 1 10 10 11 11 5 5 5 5 7 7 7 7 7 7 7 7 7 7 7 7 2 2 2 4 4 
4 2 2 2 2 2 2 2 2 2 2 2 2 2 2 2 2 4 4 4 4 4 4 4 4 4 4 4 2 2 2 7 7 11 11 10 1 6 6 6 6 6 6 6 1 10 10 11 11 11 5 5 5 5 11 11 11 11 11 11 5 5 7 7 7 
4 4 4 2 2 2 2 2 2 7 7 7 7 7 7 7 7 2 2 2 2 2 2 4 4 4 4 4 4 4 4 4 4 4 4 4 2 2 7 7 5 5 11 10 6 6 6 12 12 12 12 12 9 9 9 12 12 12 12 6 6 6 1 1 10 10 10 10 10 10 10 10 10 10 10 10 11 11 5 5 5 7 
2 2 2 2 7 7 7 7 7 5 5 5 5 7 7 7 2 2 2 2 2 4 4 4 2 2 2 7 7 11 10 1 1 6 12 12 12 12 12 12 12 6 6 6 1 1 10 10 10 10 1 1 1 1 1 1 10 10 11 11 5 
4 2 2 2 2 2 2 2 2 2 2 2 2 2 2 4 4 4 4 4 4 4 4 2 2 7 5 5 11 10 1 6 6 6 12 12 12 6 6 6 1 10 10 11 11 11 11 11 11 11 10 10 10 11 11 11 5 5 5 7 
2 2 2 2 2 2 7 7 7 5 5 5 5 5 5 5 5 5 7 7 7 2 2 2 2 4 4 4 4 4 4 4 4 2 2 7 5 11 10 1 6 12 12 9 9 9 8 8 9 9 9 9 12 12 6 6 1 1 1 1 1 1 6 6 6 6 6 6 1 1 10 11 5 5 
4 4 4 4 2 2 2 2 2 2 2 2 2 2 4 4 4 4 4 4 4 4 4 2 2 7 5 5 11 1 1 1 1 1 1 10 10 11 5 5 5 5 5 5 11 11 11 11 5 5 5 7 7 7 2 
4 4 4 4 4 4 4 4 4 4 2 2 2 2 2 2 2 2 2 2 2 2 4 4 4 4 4 4 3 3 3 3 3 3 3 3 3 3 3 3 3 3 4 4 4 4 2 2 7 5 5 11 10 10 1 6 6 12 12 12 12 12 12 12 12 6 6 1 1 10 10 10 11 11 11 11 11 11 10 10 10 10 11 11 5 5 7 7 2 2 
4 4 4 4 4 4 4 4 2 2 2 2 4 4 4 4 4 4 4 4 4 4 2 2 7 11 1 6 6 6 6 6 1 10 11 11 11 11 10 10 11 11 5 7 7 7 
2 2 2 2 7 7 7 7 2 2 2 4 4 4 2 2 7 5 10 6 6 12 12 12 6 1 10 10 11 10 10 10 1 1 10 11 5 5 5 
2 2 2 7 7 7 7 7 7 7 7 7 7 7 7 7 7 7 7 7 2 2 2 2 2 2 2 2 4 4 4 4 4 4 4 4 4 4 4 4 4 4 4 4 4 4 4 4 4 4 4 4 4 4 2 2 2 2 2 2 2 7 7 7 7 7 7 7 5 5 5 5 5 5 11 11 11 11 11 11 10 10 10 10 10 10 10 10 11 11 11 11 11 11 5 5 5 5 5 5 7 7 7 7 7 7 7 7 7 5 5 7 7 7 7 7 7 7 2 2 2 2 2 4 4 4 
7 7 7 7 7 7 7 7 7 7 7 7 7 7 7 7 2 2 2 2 2 2 2 2 2 2 2 2 2 2 2 2 2 2 2 2 2 2 2 2 2 2 2 2 7 7 7 7 7 7 7 5 5 5 5 5 5 11 11 11 11 11 10 10 10 10 1 1 1 1 1 6 6 6 6 6 6 6 6 12 12 12 12 12 12 12 12 12 6 6 6 6 6 6 6 6 6 1 1 1 1 1 1 1 10 10 10 10 10 10 10 10 10 10 10 10 10 1 1 1 10 10 10 10 11 11 11 11 11 5 5 5 5 5 5 7 7 7 7 7 7 7 2 2 2 2 2 
4 4 4 4 4 4 4 4 4 4 4 4 4 4 4 4 4 3 3 3 3 3 3 3 3 4 4 4 2 2 7 7 5 5 5 5 5 5 5 5 5 7 7 7 2 2 2 2 2 2 7 2 2 2 2 4 4 4 4 
4 4 4 2 2 2 2 2 2 2 2 2 2 2 2 2 2 4 4 4 4 4 4 4 4 4 4 4 4 4 4 4 4 4 4 4 4 4 4 4 4 4 2 2 2 7 7 7 5 5 11 11 11 10 10 10 10 10 10 10 10 10 10 10 11 11 11 5 5 5 5 5 5 5 5 5 5 7 7 7 7 7 7 7 2 2 2 2 2 2 2 
2 2 2 2 2 2 7 7 7 7 7 7 5 5 5 5 5 5 5 5 5 5 5 5 5 5 7 7 7 7 7 7 7 2 2 2 2 2 2 2 2 2 4 4 4 4 4 4 4 2 2 2 2 2 2 2 2 2 2 7 7 7 7 7 5 5 5 5 11 11 10 10 10 1 1 1 1 6 6 6 6 6 6 6 6 6 6 1 1 1 1 10 10 10 10 11 11 11 11 11 11 5 5 5 5 5 5 5 5 5 7 7 7 7 2 2 2 2 2 2 2 4 
2 2 2 2 2 2 2 2 7 7 7 7 2 2 2 2 2 2 2 2 2 2 4 4 4 4 2 2 2 2 2 2 2 7 7 7 5 5 5 11 11 10 10 10 10 10 10 10 10 10 10 11 11 11 11 5 5 5 5 5 5 5 5 5 5 5 5 5 7 7 7 7 7 
7 7 7 7 7 7 5 5 5 5 5 5 5 5 5 5 7 7 7 7 7 7 7 2 2 2 2 2 7 7 7 5 11 11 10 10 1 1 6 6 6 6 6 6 6 6 1 1 10 10 10 10 11 11 11 11 11 11 11 11 11 5 5 5 5 
4 4 4 4 4 2 2 2 2 2 2 2 2 4 4 4 4 4 4 4 4 4 4 4 4 4 4 3 3 3 4 4 4 4 4 4 4 4 2 2 2 7 7 5 5 11 11 10 10 1 1 1 6 6 6 6 6 1 1 1 10 10 11 11 11 5 5 5 5 5 5 5 5 5 5 5 5 5 7 7 7 7 2 2 
4 4 2 2 2 2 2 2 2 2 2 2 2 4 4 4 4 4 4 4 4 4 2 2 2 7 5 5 11 10 10 1 1 1 6 1 1 1 1 10 10 11 11 11 11 11 11 11 11 11 5 5 5 7 7 7 
2 2 2 2 2 7 7 7 7 2 2 2 2 2 2 2 2 2 2 7 7 5 5 11 10 1 1 1 1 1 1 10 10 11 11 11 11 11 11 11 11 11 5 5 5 5 7 7 
2 2 2 2 2 7 7 7 7 7 7 7 7 2 2 2 2 2 2 2 4 4 4 4 4 2 2 2 2 2 7 7 5 5 11 10 10 1 1 6 6 6 6 6 6 6 1 1 10 10 10 10 11 11 10 10 11 11 11 5 5 7 7 7 
2 2 2 2 2 2 2 2 2 2 2 2 2 2 2 2 2 2 2 2 2 2 7 7 5 11 10 10 1 1 1 1 10 10 10 11 11 11 11 11 11 11 11 5 5 5 7 7 7 7 
2 2 7 7 7 7 7 7 7 7 7 7 7 7 2 2 2 2 2 2 2 2 2 7 7 5 5 11 1 6 6 6 12 12 12 12 12 12 6 6 6 1 1 1 1 1 1 1 10 10 11 11 5 
2 2 7 7 7 7 7 7 7 7 7 2 2 2 2 2 2 2 7 7 7 5 11 10 1 1 6 6 6 6 6 6 1 1 1 1 10 10 10 10 10 10 10 10 11 11 11 5 5 
4 4 4 2 2 2 2 2 2 2 2 2 2 2 4 4 4 4 4 4 4 4 4 4 4 4 4 4 2 2 2 7 7 7 5 5 11 11 11 11 10 10 10 10 10 11 11 11 11 5 5 5 5 5 5 5 5 5 7 7 7 7 7 7 2 2 2 2 2 2 
2 2 2 2 2 7 7 7 7 7 7 7 7 7 7 2 2 2 2 2 2 2 2 2 2 7 7 7 5 10 10 1 6 6 6 6 6 1 1 1 1 1 1 10 10 10 11 11 5 5 5 
4 4 4 4 2 2 2 2 2 2 2 2 2 2 2 2 2 4 4 4 4 4 4 4 4 4 4 4 2 2 2 2 7 5 5 5 11 10 10 10 1 1 1 1 1 10 10 10 11 11 11 5 5 5 5 5 5 5 5 5 5 5 5 7 7 7 7 7 7 
4 4 4 4 4 4 4 4 2 2 2 2 2 2 2 2 2 4 4 4 4 4 4 4 4 4 4 4 4 4 4 2 2 7 7 5 11 11 11 11 11 11 11 5 5 5 5 7 7 7 7 7 7 7 7 7 7 2 2 2 2 2 
