4 4 4 2 2 2 7 7 7 7 7 7 7 2 2 2 2 7 7 7 7 5 5 5 5 5 5 5 11 11 10 10 1 1 1 1 1 10 10 10 10 11 11 10 1 1 6 12 9 9 8 8 8 8 8 8 8 8 8 9 9 9 8 8 8 
3 3 3 3 3 3 3 4 4 4 4 4 4 4 4 4 4 4 4 4 4 4 4 4 4 4 4 4 4 4 4 4 2 2 2 2 2 2 2 2 2 2 2 2 2 2 2 2 7 7 7 7 7 7 7 5 5 5 5 11 11 11 11 11 11 11 11 11 5 5 5 5 5 5 5 5 5 11 11 10 1 6 6 6 6 12 12 12 12 12 12 12 12 12 6 6 6 6 
3 3 3 3 3 3 3 3 3 3 3 3 3 3 3 3 3 3 3 3 3 3 3 3 3 3 3 3 3 3 3 3 4 4 4 4 4 4 4 4 4 4 4 4 4 4 4 4 4 4 2 2 2 2 2 7 7 7 7 7 7 5 5 5 5 7 7 7 7 2 2 2 2 4 4 4 4 4 4 4 2 2 7 7 5 11 10 1 6 6 6 6 6 6 6 6 1 1 1 1 1 1 1 6 6 6 12 12 12 12 6 6 
3 3 3 3 3 3 4 4 4 4 2 2 2 2 2 2 2 2 2 2 2 2 2 2 7 7 7 7 7 7 7 5 5 5 5 5 5 5 5 5 11 11 10 10 1 1 1 6 6 6 1 1 1 1 10 10 11 11 11 11 11 10 10 1 1 1 6 6 12 12 12 9 9 9 8 8 8 8 8 8 8 8 9 9 9 9 9 9 9 9 9 9 
3 3 3 3 4 4 4 4 4 4 4 4 4 4 4 4 4 4 4 4 4 4 4 4 2 2 2 2 2 2 2 2 2 7 7 7 7 7 7 7 7 5 5 5 5 5 5 5 5 5 5 5 5 5 5 5 5 5 7 7 5 5 5 5 11 10 10 1 6 6 12 12 12 12 12 12 12 12 12 12 12 12 12 12 6 6 6 6 
3 3 3 4 4 3 3 3 4 2 2 2 2 7 5 5 5 5 5 5 1 12 9 9 12 12 12 
3 3 3 3 3 3 3 3 3 3 3 3 3 3 3 3 3 3 3 3 3 3 3 3 3 3 3 3 3 3 3 3 3 3 3 3 3 3 3 3 3 3 3 3 3 3 3 4 4 4 4 4 4 4 4 4 4 4 4 4 4 4 4 4 4 4 4 4 4 4 4 4 4 4 4 4 4 4 4 4 2 2 2 2 2 2 2 2 2 2 2 2 2 2 2 2 2 2 2 2 2 2 2 2 4 4 4 4 4 2 2 2 7 7 7 5 5 5 11 11 10 10 1 1 1 1 1 1 1 1 1 1 1 1 1 1 1 1 10 10 10 11 11 11 11 11 11 11 11 11 11 10 10 10 10 
3 4 4 4 2 2 7 5 5 5 7 5 1 6 1 1 1 6 6 
4 4 4 4 4 2 2 2 2 2 2 2 2 2 2 2 2 2 2 2 2 7 7 7 7 7 7 7 7 7 7 7 7 7 5 5 5 5 11 11 11 11 10 10 10 10 10 10 10 10 10 11 11 11 11 11 5 5 5 5 5 11 10 10 1 1 1 6 6 6 6 12 12 12 12 12 12 12 12 12 12 12 12 12 12 12 12 12 12 12 6 6 6 6 6 6 12 12 12 12 12 9 
3 3 3 3 3 4 4 4 4 4 4 4 4 4 4 4 4 4 4 4 4 4 4 4 4 4 2 2 2 2 2 2 2 2 2 2 2 2 2 2 7 7 7 7 5 5 5 5 5 5 7 7 7 7 7 7 7 2 2 2 2 7 7 7 5 5 11 10 10 1 1 1 1 6 6 6 6 6 6 6 6 6 1 1 1 10 10 10 10 1 1 6 6 6 6 
3 3 4 4 4 4 4 4 4 4 4 4 4 4 4 4 2 2 2 2 2 2 2 7 7 7 7 7 7 7 7 5 5 5 11 11 11 11 11 11 11 11 5 5 5 5 5 5 5 5 11 10 10 6 6 6 12 12 12 12 12 12 12 12 6 6 6 6 12 12 
4 4 4 4 4 4 4 2 2 2 2 2 2 4 4 4 2 2 2 2 2 2 2 7 7 7 7 7 7 7 7 7 7 7 7 5 5 5 5 5 5 11 11 11 11 11 11 5 5 5 5 7 7 7 7 5 5 11 11 11 10 10 10 1 1 1 1 1 6 6 6 6 6 6 6 1 1 1 1 1 6 6 
4 2 2 2 2 2 2 7 7 7 2 2 2 2 2 2 2 2 2 7 7 7 7 7 7 7 7 7 7 5 5 5 5 5 11 11 11 11 11 11 11 11 11 11 5 5 5 5 5 5 5 11 11 11 10 1 1 1 6 6 6 6 6 6 6 12 12 12 6 6 6 6 6 6 6 6 6 
3 3 4 4 4 4 4 4 4 4 4 4 4 4 2 2 2 2 2 2 2 2 7 7 7 7 7 5 5 5 5 5 5 5 7 7 7 7 7 5 5 11 10 1 1 6 6 6 6 6 12 6 6 1 1 1 1 6 
4 4 4 4 2 2 2 2 2 2 2 7 7 5 5 5 5 11 10 1 1 1 10 11 5 5 11 10 6 6 12 12 9 9 9 9 9 9 12 9 9 9 
3 3 3 4 4 4 4 4 4 4 2 2 2 7 7 7 7 5 5 5 11 10 1 1 10 10 11 11 11 10 6 12 12 9 9 9 8 9 9 9 9 9 9 8 
4 4 4 4 4 4 2 2 2 2 2 2 2 2 2 2 2 2 2 2 7 7 7 7 7 7 7 7 7 7 5 5 5 11 11 11 10 10 10 10 11 5 5 7 7 7 5 5 11 1 1 6 6 12 12 12 12 12 12 12 12 12 6 6 6 12 12 
3 3 3 4 4 4 4 4 4 4 4 4 4 4 4 4 4 4 2 2 2 2 2 2 7 7 7 7 5 5 11 11 11 11 11 11 5 5 7 7 7 5 5 10 10 1 6 6 6 12 12 12 12 12 12 6 6 6 6 6 
4 4 4 4 4 4 4 4 2 2 2 2 2 2 2 2 2 2 2 2 2 4 4 4 4 4 4 4 4 4 4 2 2 2 2 2 7 7 7 7 7 7 7 7 7 7 7 7 7 5 5 5 11 11 11 10 10 10 1 1 1 1 10 10 11 11 11 5 5 5 5 5 11 10 1 6 6 12 12 12 12 12 12 6 6 6 6 6 6 6 
3 3 4 4 4 4 4 4 4 4 4 4 4 4 4 4 4 4 4 4 2 2 2 2 2 2 7 7 7 7 7 7 7 5 5 5 5 5 11 11 11 11 5 5 5 5 7 7 7 7 7 7 7 7 7 7 5 5 5 11 10 1 1 6 6 6 12 12 12 12 12 12 12 12 12 12 6 6 6 6 6 6 6 12 12 12 
4 4 4 4 2 2 7 7 7 2 2 2 2 2 2 2 2 2 7 7 7 7 5 5 5 5 5 11 11 11 10 10 10 1 1 10 10 10 10 11 11 11 11 11 10 1 6 6 6 6 6 6 6 6 6 6 
3 3 3 3 3 3 3 3 3 4 4 4 4 4 4 4 4 4 4 4 4 4 4 4 4 4 4 4 4 4 4 4 4 4 4 4 4 4 2 2 2 2 2 2 2 7 7 7 7 7 7 7 7 7 7 7 7 7 7 7 7 7 7 7 7 7 7 7 7 7 7 7 5 5 5 5 11 11 11 10 10 1 1 1 1 6 6 6 6 6 6 6 6 6 1 1 1 10 10 11 11 5 5 5 5 7 5 5 11 10 10 1 6 6 12 12 9 9 9 9 9 9 9 9 9 9 9 9 9 9 9 8 8 8 8 8 8 8 8 8 8 8 8 8 8 9 9 9 9 9 9 
3 3 3 3 3 3 3 3 3 3 3 4 4 4 4 4 4 4 4 4 4 4 4 4 4 4 4 4 4 4 4 4 4 4 4 4 4 4 4 4 4 4 4 4 4 4 4 4 4 4 4 4 4 4 4 4 2 2 2 2 2 2 2 2 2 7 7 7 7 7 7 7 7 7 7 7 7 7 7 7 7 7 7 7 7 7 7 7 2 2 2 2 2 2 2 2 2 2 2 2 2 2 2 2 2 2 2 2 2 2 7 7 7 7 7 7 7 5 5 5 5 5 11 11 11 10 10 1 1 1 1 1 6 6 6 1 1 1 1 10 10 11 11 11 11 11 11 11 11 11 11 11 
4 4 2 2 2 4 4 4 2 2 2 7 7 7 7 7 5 5 11 5 5 7 7 5 5 10 1 6 6 6 6 1 1 1 1 
3 4 4 4 4 4 4 4 2 2 2 2 7 5 5 5 7 7 2 7 11 10 1 1 10 10 1 6 6 6 1 
3 3 3 3 3 3 3 3 3 3 3 3 3 3 3 3 3 3 3 3 3 3 3 3 3 3 3 3 3 3 3 3 4 4 4 4 4 4 4 4 4 4 4 4 4 4 4 4 4 4 4 4 4 4 4 4 4 4 4 2 2 2 2 2 2 2 7 7 7 7 7 7 7 2 2 2 2 2 2 7 7 7 7 5 5 5 11 11 10 10 10 1 1 1 10 10 10 11 11 11 11 5 5 5 5 11 11 11 11 11 11 
3 3 3 3 3 3 3 3 3 3 3 3 3 3 4 3 3 3 3 3 3 3 3 3 3 3 3 3 3 3 3 3 3 3 3 3 3 3 3 3 3 3 4 4 4 4 4 4 4 4 4 4 4 4 4 4 4 4 4 4 4 4 4 2 2 2 2 2 2 2 2 2 2 2 2 2 2 2 2 2 2 2 2 2 2 2 2 2 2 2 2 2 2 2 2 2 2 2 2 7 7 7 7 7 5 5 5 5 5 11 11 11 11 11 11 11 11 5 5 5 5 5 5 5 5 5 5 5 5 11 11 11 
3 4 4 4 4 4 4 4 4 2 2 2 2 4 4 4 4 4 4 4 4 4 4 4 4 2 2 2 2 2 2 2 2 2 2 2 2 2 2 2 2 7 7 7 5 5 5 5 11 11 11 11 11 11 11 11 11 11 11 11 11 10 10 1 6 6 6 12 12 12 12 12 12 12 12 12 12 6 6 6 6 12 12 12 12 12 12 12 
3 3 3 3 4 4 4 4 2 2 2 2 2 7 2 2 2 2 2 2 2 2 2 2 2 2 7 7 7 7 7 7 7 7 7 5 5 5 5 5 5 11 11 10 10 10 10 10 10 10 10 10 10 11 11 11 11 5 5 5 11 11 10 1 1 6 12 12 9 9 9 8 8 8 8 8 8 8 8 8 8 8 8 9 9 9 9 9 9 9 9 9 9 9 9 
4 4 2 2 2 7 7 7 5 5 5 5 5 7 7 7 7 7 2 2 7 7 7 7 5 5 5 11 11 11 10 10 10 10 10 10 10 10 10 1 1 1 6 6 12 12 12 12 12 12 12 6 6 6 1 1 1 1 1 6 6 12 12 9 9 8 8 8 8 8 8 8 8 8 8 8 8 8 8 8 8 8 
3 4 4 4 4 4 2 2 2 2 7 7 2 2 2 2 2 2 2 2 2 2 2 7 7 7 5 5 5 5 5 5 5 5 5 11 11 11 10 10 1 1 6 6 6 6 6 6 1 10 10 11 11 5 5 5 11 11 1 1 6 6 12 12 9 9 9 8 8 8 8 9 9 9 9 9 9 12 12 9 9 
4 4 4 4 4 4 2 2 2 2 2 7 7 7 7 7 2 2 2 2 2 2 2 2 2 2 7 7 7 5 5 5 5 5 5 5 5 5 5 5 11 11 11 10 10 1 1 6 6 6 6 1 1 1 10 10 10 10 10 1 1 6 6 12 12 9 9 9 9 8 8 8 9 9 9 9 9 9 9 9 
7 7 7 5 11 10 10 11 11 11 11 11 1 6 6 6 6 6 6 12 12 12 9 9 9 9 9 9 12 12 9 9 8 8 8 8 8 8 8 8 8 8 8 
4 4 2 2 2 7 7 7 7 7 7 7 7 2 2 2 2 2 2 2 7 7 7 5 5 5 5 5 5 5 5 5 5 5 5 11 11 10 1 1 6 6 12 12 12 12 6 6 6 6 1 1 1 1 1 6 6 12 12 9 9 9 8 8 8 8 8 8 8 8 8 8 9 9 9 9 8 8 
4 4 4 4 4 2 2 2 2 2 7 7 7 2 2 2 2 2 2 2 2 2 2 2 7 7 7 5 5 5 5 5 5 5 5 5 5 5 5 5 11 11 11 11 10 10 1 1 6 6 6 6 6 6 1 1 10 10 10 11 10 10 1 6 6 12 12 12 9 9 9 8 8 8 8 9 9 9 9 9 9 9 9 9 9 
3 3 3 3 3 3 3 3 4 4 4 4 4 3 3 3 3 3 3 4 4 4 4 4 4 4 4 4 4 4 4 4 4 2 2 2 2 2 2 7 7 7 7 7 7 7 2 2 2 2 2 2 7 7 7 5 5 11 10 1 6 6 6 12 12 12 12 12 6 6 6 6 6 6 6 6 6 6 
4 4 2 2 2 2 2 2 7 7 7 7 7 2 2 2 2 2 2 2 2 4 4 4 4 4 4 4 4 4 4 4 4 2 2 2 2 7 7 7 7 7 7 7 5 5 5 5 5 5 5 5 5 5 5 5 11 11 10 10 1 1 1 6 6 6 6 12 12 12 12 12 12 12 6 6 6 6 6 6 1 1 6 6 6 6 12 12 9 9 9 8 8 8 8 8 8 8 8 8 8 8 8 9 8 8 8 8 
4 4 4 2 2 2 2 2 2 7 7 7 2 2 2 2 2 2 2 4 4 4 4 4 4 4 4 2 2 2 2 2 2 7 7 7 7 7 7 7 7 7 7 7 7 7 5 5 5 11 11 10 10 1 1 1 1 1 1 1 1 1 1 10 10 11 11 11 11 11 11 10 1 1 1 6 6 6 12 12 12 12 9 9 9 9 12 12 12 12 12 12 12 12 
2 2 2 7 7 7 5 5 5 5 5 7 7 7 7 7 7 7 5 5 5 11 11 11 11 11 11 11 11 10 10 1 1 6 6 6 6 6 6 1 1 1 1 1 1 1 6 12 9 9 9 8 8 8 8 9 9 9 9 9 9 
2 7 7 7 7 7 5 5 5 5 7 7 7 7 7 7 7 7 7 7 5 5 5 11 11 11 11 11 11 11 11 11 10 10 10 1 1 6 6 6 6 6 6 6 6 6 6 1 1 1 6 6 12 12 9 9 9 8 8 8 9 9 9 9 9 9 9 9 9 
4 4 4 2 2 2 2 7 7 7 7 7 7 2 2 2 2 2 2 7 7 7 5 5 5 5 5 11 11 11 11 11 11 11 11 10 10 1 6 6 6 6 6 6 6 6 1 1 10 10 10 1 1 6 6 12 9 9 9 8 8 8 8 8 8 9 9 9 9 9 9 9 
4 4 4 4 4 4 4 2 2 2 2 2 2 2 2 2 2 2 2 4 4 4 4 4 4 4 4 2 2 2 2 7 7 7 7 7 7 7 7 7 7 7 5 5 5 5 11 11 11 11 11 11 11 11 11 11 5 5 5 5 5 11 11 10 1 1 6 6 6 12 12 12 6 6 6 6 6 6 12 12 12 12 12 12 12 12 6 
4 4 2 2 2 2 7 7 7 7 7 2 2 2 2 2 7 7 7 7 5 5 5 5 5 5 5 5 5 5 11 11 10 10 10 1 1 1 1 1 10 11 11 11 11 11 11 11 11 10 1 6 12 12 9 9 9 9 9 9 12 12 12 12 12 6 6 12 12 12 12 9 
4 4 4 2 2 2 2 2 2 2 2 2 2 2 2 2 2 7 7 7 7 7 5 5 5 5 5 11 10 10 10 10 10 10 10 11 11 11 11 11 11 10 1 6 12 12 9 9 9 9 9 9 9 12 12 12 12 
4 4 4 2 2 2 7 7 7 7 2 2 2 2 2 2 2 2 2 7 7 7 7 5 5 5 5 5 11 11 10 10 10 1 10 10 10 11 11 11 11 10 10 6 6 12 12 9 9 9 9 9 9 9 9 9 9 9 9 9 
3 4 4 4 4 4 4 2 2 2 2 4 4 4 4 4 4 4 4 4 4 2 2 2 2 2 2 2 2 7 7 7 7 5 5 5 5 5 5 5 5 5 5 5 5 5 11 11 1 6 6 12 12 12 12 12 12 12 12 6 6 6 6 
2 2 2 2 2 7 7 7 7 7 7 7 2 2 2 7 7 7 7 7 5 5 5 5 5 5 11 11 11 11 10 10 1 1 1 1 10 10 11 11 5 5 11 11 10 1 6 12 12 9 9 9 9 9 9 9 12 12 12 12 12 
7 7 5 5 5 11 11 11 5 5 5 5 5 5 5 5 11 11 11 10 10 10 1 1 1 6 6 6 12 12 6 6 6 6 6 6 6 12 12 9 9 8 8 8 8 8 8 8 8 8 8 8 
4 4 4 4 2 2 2 2 2 2 2 2 2 2 2 7 7 7 7 5 5 5 5 5 11 11 10 10 1 1 1 10 11 11 11 11 11 11 11 10 1 6 12 12 9 9 9 9 9 9 9 12 12 12 12 
4 4 4 4 4 2 2 2 2 2 2 4 4 4 2 2 2 2 2 2 7 7 7 7 7 7 5 5 5 5 11 11 11 5 5 5 5 7 5 5 11 11 1 6 12 12 12 12 12 12 12 6 6 6 1 1 1 
3 3 3 3 4 4 4 4 4 4 4 4 4 4 4 4 4 4 4 4 2 2 2 2 2 2 2 7 7 7 7 5 5 5 11 11 11 5 5 5 5 5 5 5 11 10 1 12 12 12 9 9 9 9 9 9 9 12 12 12 12 12 
2 2 2 7 7 7 7 7 2 2 2 2 7 7 5 5 5 11 11 10 1 6 6 6 6 6 1 10 10 10 6 12 12 9 8 8 8 8 8 8 9 9 9 8 8 
4 4 2 2 2 2 2 2 2 2 7 7 5 5 5 5 11 10 1 1 1 1 1 10 10 1 6 12 9 8 8 8 8 8 9 9 9 
4 4 4 4 4 4 4 2 2 2 2 2 2 4 4 4 4 4 4 4 4 4 4 4 2 2 2 2 2 7 7 7 7 7 7 7 7 7 7 7 5 5 5 5 11 11 11 5 5 5 5 5 11 11 10 10 1 1 1 1 1 1 1 1 1 6 6 6 6 6 6 6 6 6 6 
7 7 5 5 5 5 5 5 11 11 11 11 11 10 10 10 11 11 11 11 11 11 11 11 11 11 10 10 10 10 10 10 1 1 1 1 1 1 1 6 6 6 6 6 6 6 6 6 6 6 6 6 6 6 6 1 6 6 6 6 6 12 12 12 12 12 9 9 9 9 9 9 9 9 9 9 9 9 9 9 9 8 8 8 8 8 8 8 8 8 8 8 8 8 8 8 8 9 
4 4 2 2 7 7 7 5 5 5 7 7 7 2 2 2 2 2 7 7 7 5 5 5 5 5 11 11 10 1 1 6 6 6 6 1 1 10 10 11 11 11 11 10 1 6 6 12 9 9 9 9 9 9 9 9 9 9 12 12 9 9 9 
4 4 4 4 4 2 2 2 2 7 7 7 7 7 7 7 2 2 2 2 2 2 2 2 2 2 2 2 7 7 7 7 7 7 7 7 7 5 5 5 5 5 5 5 11 11 11 10 10 10 1 1 1 10 10 10 10 10 10 10 1 1 6 6 12 12 9 9 9 9 9 9 9 9 9 9 9 9 9 9 
4 4 4 4 4 2 2 2 2 7 2 2 2 2 2 2 2 2 2 2 2 2 7 7 7 7 7 7 7 7 7 7 5 5 5 5 5 11 11 11 11 11 11 11 11 11 11 11 11 11 11 10 1 6 6 6 12 12 12 12 9 9 9 9 12 12 12 12 6 6 12 
3 3 3 4 4 4 4 4 2 2 2 2 2 2 2 2 2 2 2 2 2 2 2 7 7 7 7 5 5 5 5 5 5 5 5 5 5 5 5 11 10 10 1 1 1 1 1 1 1 1 1 10 10 10 10 10 1 6 6 12 12 12 12 12 12 12 12 12 12 12 12 12 9 9 9 9 9 9 9 9 9 9 12 
3 3 3 3 3 3 4 4 4 4 4 2 2 2 2 2 2 2 2 2 2 2 2 2 2 2 7 7 7 7 7 7 7 7 7 7 7 7 7 7 7 7 5 5 5 11 11 10 10 10 10 10 10 10 11 11 11 11 5 5 5 11 11 1 6 6 12 12 12 12 12 12 12 12 12 12 12 12 12 9 9 9 9 9 9 12 12 12 12 
4 4 4 4 2 2 2 7 7 7 7 7 7 7 7 7 7 7 7 7 7 7 5 5 5 11 11 11 11 11 11 11 11 11 11 11 10 10 1 6 6 6 6 6 6 6 6 6 6 6 1 6 6 6 12 12 9 9 9 8 8 8 8 9 9 9 9 9 9 8 8 8 8 8 8 8 8 8 8 
3 3 3 3 3 4 4 4 4 4 4 4 4 4 4 4 2 2 2 2 2 7 7 7 7 7 7 7 7 5 5 11 11 11 11 5 5 5 7 5 5 10 1 6 12 12 12 12 12 12 12 12 12 12 9 9 9 9 9 12 
3 4 4 4 4 4 2 2 2 2 2 2 2 2 2 2 7 7 7 7 7 7 7 7 7 7 5 5 11 11 11 5 5 5 5 5 11 10 1 6 6 12 6 6 6 6 6 12 12 12 12 12 12 12 
3 3 4 4 4 4 4 4 2 2 2 2 2 4 4 4 4 4 2 2 2 2 2 2 2 7 7 7 7 7 7 7 7 7 7 7 7 5 5 5 11 10 10 10 1 1 1 1 1 1 10 11 11 11 5 5 11 11 10 1 1 12 12 12 9 9 9 9 9 9 9 9 9 9 9 9 9 8 8 8 8 8 8 8 9 
3 3 4 4 4 4 4 2 2 2 2 2 2 2 2 2 2 2 2 2 2 2 7 7 7 7 7 7 7 7 7 7 7 7 7 5 5 5 11 11 11 11 11 11 11 5 5 5 5 5 11 10 1 1 6 6 6 12 6 6 6 6 6 6 6 12 12 12 12 12 12 12 12 12 12 
4 4 4 4 4 4 2 2 2 2 2 2 2 2 2 2 2 2 2 2 2 7 7 7 7 5 5 5 5 5 5 5 5 5 5 5 5 5 5 11 11 10 10 10 1 1 1 10 10 10 11 11 11 11 11 10 10 1 6 6 12 12 12 9 9 9 12 12 12 12 12 12 9 9 9 9 9 9 9 9 9 
3 3 4 4 4 4 4 2 2 2 2 2 2 2 2 2 2 2 2 2 2 7 7 7 7 7 7 7 7 7 7 7 7 7 5 5 5 5 11 11 11 10 10 10 10 11 11 11 11 11 11 11 1 6 6 12 12 12 12 12 12 12 12 12 12 12 9 9 9 9 9 9 
4 4 4 4 4 2 2 2 2 7 7 7 7 7 7 7 7 7 7 7 7 7 7 7 7 5 5 5 5 5 5 5 5 5 5 5 5 5 5 5 5 11 11 11 10 1 1 1 1 6 6 6 1 1 1 10 10 11 11 11 10 1 6 6 12 9 9 9 9 9 9 9 9 9 9 9 9 9 9 9 9 9 9 9 9 9 9 
3 3 3 3 3 4 4 4 4 4 4 4 4 4 4 4 4 4 4 4 4 4 4 2 2 2 2 2 2 7 7 7 7 7 7 7 7 7 7 7 7 5 5 5 11 11 10 10 10 10 11 11 11 11 5 5 5 5 5 5 11 10 1 6 6 12 12 9 9 9 9 9 9 12 12 12 12 12 12 9 9 9 9 9 9 9 9 9 
3 3 3 3 3 3 4 4 4 4 4 4 4 4 4 4 4 4 4 4 4 4 2 2 2 2 2 2 2 2 2 2 2 7 7 7 5 5 5 5 5 5 5 5 5 5 11 10 1 6 6 12 12 12 12 12 12 12 12 12 12 12 12 12 12 12 12 
