0.725937 0.725937 0.785398 0.003959 0.003959 
-0.697512 -0.697512 0.785398 -0.003804 -0.003804 
-1.845587 -1.845587 0.785398 -0.010064 -0.010064 
-1.175645 -1.175645 0.785398 -0.006411 -0.006411 
0.000958 0.000958 0.785398 0.000005 0.000005 
1.032739 1.032739 0.785398 0.005632 0.005632 
-0.336716 -0.336716 0.785398 -0.001836 -0.001836 
2.319535 2.319535 0.785398 0.012649 0.012649 
1.827107 1.827107 0.785398 0.009964 0.009964 
0.504531 0.504531 0.785398 0.002751 0.002751 
0.279567 0.279567 0.785398 0.001525 0.001525 
1.411477 1.411477 0.785398 0.007697 0.007697 
