3 3 12 12 3 3 12 3 3 3 3 3 3 3 3 3 12 12 12 12 12 4 4 4 4 4 4 1 8 8 8 8 8 8 8 8 8 8 10 10 10 11 11 11 11 11 11 11 9 9 6 6 6 6 5 12 12 12 12 12 12 3 3 12 3 12 3 3 12 3 3 3 3 12 3 
3 3 3 3 3 3 3 3 3 3 3 3 3 3 3 3 3 3 3 12 11 4 4 4 4 4 4 4 4 4 4 4 4 4 8 8 8 8 8 8 8 8 8 8 8 8 10 10 1 1 1 1 11 11 11 11 11 11 9 6 6 6 6 3 3 6 5 3 5 3 3 3 5 3 3 3 3 3 3 3 3 3 3 3 
3 3 3 3 3 3 3 5 6 5 5 3 3 3 3 3 3 3 5 12 12 4 4 4 4 4 1 1 8 1 8 8 8 8 8 8 8 8 8 8 8 8 8 8 8 11 11 11 11 11 11 11 11 11 11 11 9 12 12 12 6 6 6 5 5 12 3 3 3 3 3 3 3 3 3 3 3 3 3 
3 3 3 3 3 3 3 3 3 3 3 3 3 3 3 3 3 3 3 3 3 12 11 4 4 4 4 4 4 4 4 4 8 8 1 1 1 1 1 1 1 1 8 8 8 1 11 11 11 11 11 11 11 11 11 11 11 11 11 6 6 12 6 6 6 12 12 12 3 12 12 12 12 12 12 3 3 3 3 3 3 3 3 3 
3 3 3 3 3 3 3 3 3 3 3 6 9 12 3 3 3 5 3 3 3 7 7 7 3 3 3 3 3 3 3 3 5 6 5 5 3 12 12 9 11 4 4 4 4 4 4 4 4 8 8 8 8 8 8 8 8 8 8 8 8 8 8 8 8 8 10 11 11 11 11 11 11 11 11 11 11 11 9 6 6 12 6 12 12 12 12 12 12 12 12 12 12 12 12 12 12 12 5 3 5 
3 3 12 3 3 3 3 12 3 3 3 3 3 3 3 3 3 3 3 3 3 3 6 3 3 7 2 3 3 3 3 3 3 3 12 12 12 11 4 4 4 4 4 4 4 4 4 4 4 4 8 8 8 8 8 8 8 8 8 8 11 11 11 11 11 11 11 11 11 11 11 11 11 9 9 6 6 6 6 6 6 6 6 12 12 12 5 12 12 12 12 12 12 12 12 12 3 
3 3 3 5 5 5 5 12 5 5 12 5 5 5 5 12 5 3 5 3 5 3 3 3 3 3 6 5 3 7 3 7 7 3 3 3 6 6 5 5 3 5 9 11 4 4 4 4 4 4 4 4 4 4 4 8 8 8 8 8 8 8 8 8 1 8 8 8 8 8 8 8 8 10 11 11 11 11 11 10 10 10 8 10 10 10 11 9 9 6 6 9 6 9 6 9 6 5 5 12 12 12 12 12 12 12 12 12 12 12 12 12 12 5 5 5 
3 3 3 3 3 3 3 3 3 3 3 3 3 3 3 3 3 3 3 3 3 3 3 5 12 5 3 3 3 3 12 11 1 1 10 1 4 4 4 4 4 1 1 1 1 1 8 8 8 8 8 8 8 8 10 10 10 10 1 1 1 1 1 11 11 11 11 11 9 9 6 6 6 5 12 12 12 12 12 3 3 3 3 3 3 3 3 3 3 3 3 3 3 3 
3 3 3 3 3 3 3 3 3 3 3 3 3 5 3 3 5 3 3 3 3 3 7 3 5 5 5 5 12 12 12 11 1 11 1 1 1 1 1 11 1 1 4 4 4 4 4 4 4 4 8 8 8 8 8 8 8 8 8 8 8 8 8 8 9 8 11 10 11 11 11 11 11 11 11 11 11 11 6 6 6 6 5 5 5 3 3 3 3 3 3 3 3 3 3 3 3 3 3 3 3 
6 6 6 6 6 5 5 3 7 5 3 7 3 3 3 3 3 3 3 3 3 12 11 4 4 4 4 4 4 4 4 4 4 4 1 1 1 1 1 1 1 1 1 1 1 8 8 8 8 1 1 1 11 11 11 11 11 11 11 11 11 11 11 11 11 6 6 6 6 6 12 12 3 3 3 3 3 3 3 3 3 3 3 3 3 3 3 3 3 3 3 3 3 3 
3 3 3 3 3 5 3 3 3 5 3 3 3 5 3 3 3 3 3 3 3 3 3 3 5 5 5 5 5 5 12 11 11 11 11 4 4 4 4 4 4 4 4 4 8 8 8 8 8 8 1 1 8 8 8 8 8 8 8 8 8 8 12 12 11 11 11 11 12 11 11 11 10 10 11 9 9 9 6 6 6 9 6 5 5 5 3 5 3 5 5 5 3 3 5 3 3 3 3 3 3 3 5 
5 5 5 5 5 5 12 12 12 5 5 12 5 12 5 5 5 5 5 5 12 7 7 6 9 9 9 9 9 9 9 5 12 5 12 12 9 9 9 9 9 9 9 9 9 9 11 11 4 4 4 4 4 4 4 4 4 4 4 4 8 8 8 8 8 8 8 8 8 8 8 8 8 8 8 11 11 11 11 11 11 11 11 11 11 11 9 9 9 9 9 9 9 9 9 9 9 9 9 9 6 6 9 6 9 6 6 6 6 6 12 6 6 6 6 12 6 6 6 6 6 6 6 6 12 6 6 5 12 12 12 12 5 12 5 6 6 6 6 6 6 6 6 3 7 7 7 7 7 7 7 7 7 7 7 7 7 7 7 7 7 7 7 7 7 3 6 6 6 6 6 6 6 6 12 5 5 5 12 12 12 12 5 5 5 5 12 5 5 5 5 5 5 5 
3 3 3 3 3 3 3 3 3 3 3 3 3 3 3 3 3 3 3 3 12 6 5 3 2 3 6 3 3 3 3 3 5 5 7 7 12 12 12 11 4 4 4 4 4 4 4 4 4 4 4 8 8 8 8 8 8 8 8 8 8 8 8 8 1 1 1 1 1 1 11 11 1 1 10 11 11 10 11 11 9 6 6 6 6 5 5 3 3 3 3 3 3 3 3 3 3 3 3 3 3 3 3 3 3 3 3 3 
3 3 3 3 3 3 3 3 3 3 3 3 3 5 5 3 5 5 5 12 4 4 4 4 4 4 4 4 4 4 8 8 8 8 8 8 8 8 8 8 8 10 10 10 10 10 11 11 11 11 11 11 11 11 11 11 10 10 11 11 9 6 6 6 6 6 6 5 5 5 5 5 5 3 3 3 3 3 3 3 3 3 3 3 3 3 3 3 
3 3 3 5 5 5 3 3 3 3 3 3 5 3 3 3 3 3 3 3 12 11 4 11 10 12 12 4 4 4 4 8 8 8 8 8 8 8 8 8 8 8 8 8 10 10 10 10 10 10 10 10 10 10 10 10 11 11 11 9 9 9 9 9 9 9 9 9 9 12 12 12 12 12 12 5 12 12 12 12 12 12 5 12 12 
3 3 3 3 3 3 3 3 3 3 3 3 3 3 3 3 12 11 4 11 11 4 4 4 4 4 4 4 4 8 8 8 8 8 8 8 8 8 8 8 8 8 8 8 10 11 11 11 11 11 11 11 11 11 11 11 11 12 3 6 6 6 6 6 6 6 6 6 6 5 5 5 6 5 6 5 5 5 5 5 5 5 3 3 12 5 5 3 5 
12 12 12 12 12 12 12 3 3 12 6 3 5 3 3 5 12 12 12 12 11 4 4 4 4 4 4 4 4 8 8 8 1 1 8 8 8 1 1 1 11 11 11 11 11 11 9 6 6 12 12 3 3 3 3 3 3 3 3 3 3 3 3 3 3 3 3 3 3 3 
3 3 3 3 3 3 3 3 3 3 3 3 5 12 5 3 3 3 3 12 11 11 11 11 11 11 11 11 11 11 11 4 4 4 4 4 4 4 8 8 8 8 8 8 8 8 8 8 8 8 8 8 8 8 8 10 10 10 10 11 11 11 11 11 11 11 11 11 11 11 6 6 6 6 6 6 6 5 5 5 3 3 3 3 3 3 3 3 3 3 3 3 3 3 3 3 3 
3 3 3 3 3 3 5 3 3 3 3 3 3 3 5 5 5 5 12 12 12 12 11 4 4 4 4 4 4 8 8 8 8 8 8 8 8 8 8 8 8 8 8 8 8 8 10 10 10 1 11 11 11 11 11 11 11 11 11 11 11 9 6 6 9 9 6 6 9 12 12 12 12 5 12 12 12 12 12 12 3 3 12 5 5 12 12 12 12 3 3 12 12 12 12 12 5 
12 3 3 3 3 3 3 3 3 3 3 3 7 3 3 3 3 3 3 3 12 11 11 11 11 11 4 4 4 4 1 1 1 1 8 8 1 8 1 1 1 1 1 8 1 1 1 1 9 9 9 9 11 9 11 10 1 1 11 11 11 11 11 11 11 6 6 6 12 12 12 12 12 12 12 12 3 3 3 3 3 3 3 3 3 12 12 12 12 3 3 5 
3 3 3 3 3 3 3 3 3 3 3 3 3 3 3 3 3 3 3 3 7 2 3 6 3 6 9 3 3 7 12 5 3 12 12 12 12 12 4 4 4 4 4 4 4 4 4 4 4 4 4 4 4 4 4 4 1 1 1 1 1 1 1 1 1 11 11 11 11 11 11 6 6 6 6 6 6 6 6 6 6 12 12 12 12 12 12 12 12 12 12 3 12 12 3 3 3 
3 3 3 3 3 3 3 5 3 3 3 3 3 3 3 3 12 12 3 3 3 2 7 12 3 7 3 3 12 7 12 5 12 12 11 4 4 4 4 4 4 4 4 8 8 8 8 8 8 8 8 8 8 8 8 8 10 1 1 1 11 1 11 9 1 11 9 9 11 11 11 11 9 9 6 6 6 6 6 6 5 6 6 12 12 12 12 12 12 12 12 12 12 12 3 5 
3 3 3 3 3 3 3 3 3 3 3 3 3 3 3 3 3 3 3 3 3 7 2 7 6 7 7 7 7 4 4 11 11 11 11 11 11 4 4 4 4 4 4 1 1 1 1 1 1 1 1 1 1 1 1 1 1 1 1 1 1 1 11 11 10 10 10 11 9 9 9 6 6 9 9 12 6 9 12 12 12 12 12 12 12 12 12 12 3 3 12 12 12 12 12 3 12 
3 3 3 3 3 3 3 3 3 3 3 3 3 3 3 3 3 3 3 3 12 6 6 6 3 5 6 6 6 3 5 6 3 5 12 12 12 3 5 3 3 3 3 12 12 4 4 4 4 4 4 4 4 4 4 4 4 4 4 4 8 8 8 8 8 8 8 8 8 8 8 8 8 8 8 8 8 8 11 11 11 11 11 11 11 11 11 11 11 11 11 11 11 11 9 11 6 6 6 6 9 6 6 6 6 6 12 6 12 12 5 12 12 12 5 12 12 5 5 12 12 
3 3 3 3 3 12 12 3 3 3 3 3 3 3 3 3 3 3 5 12 11 11 4 4 4 4 4 4 4 4 1 1 1 1 1 1 1 1 8 8 8 8 8 8 8 8 8 8 10 11 11 11 11 11 11 11 11 11 11 11 11 11 9 12 12 12 12 12 12 12 3 12 3 3 3 3 3 3 12 3 3 3 3 3 3 
3 3 3 3 3 3 3 3 3 3 3 3 3 3 3 3 3 3 3 3 12 11 11 4 4 11 4 4 4 4 4 4 4 4 4 4 4 8 8 8 8 8 8 8 8 8 8 8 8 8 8 8 10 10 10 10 11 11 11 11 11 11 9 6 6 6 6 5 5 5 5 5 5 5 5 5 12 3 3 12 3 3 3 3 3 3 3 3 3 3 3 3 3 3 
3 3 3 3 3 3 3 3 3 3 3 3 3 3 3 3 3 3 3 3 3 3 7 7 3 7 3 5 6 6 6 7 7 7 3 3 3 3 3 3 3 3 3 4 4 4 4 4 4 4 4 4 4 4 8 8 8 8 8 1 1 1 1 8 1 1 1 1 10 10 10 10 4 4 4 11 11 11 11 11 11 9 9 9 9 9 9 9 9 6 9 9 6 12 6 9 9 6 6 6 9 6 6 6 6 6 9 9 
3 3 3 3 3 3 3 3 3 3 3 3 3 7 7 3 3 3 12 12 12 4 4 4 4 4 4 4 4 4 1 1 1 1 1 1 1 1 1 1 8 8 8 8 11 11 11 11 11 11 11 11 11 11 6 6 6 6 6 6 6 6 5 12 5 3 5 3 3 3 3 3 3 3 3 
3 3 3 3 3 3 3 3 3 3 3 3 12 12 12 12 12 5 12 12 2 2 7 7 3 6 5 5 5 3 3 3 3 12 9 12 12 11 4 4 4 4 4 8 8 8 8 8 8 8 8 8 8 8 8 8 8 10 10 1 1 1 11 1 11 1 11 11 11 11 11 11 9 9 9 6 6 6 6 6 6 6 12 12 12 12 12 12 12 3 3 12 3 5 5 5 5 
3 3 3 3 3 3 3 3 3 3 3 3 3 3 3 3 3 3 3 12 12 4 4 4 4 4 4 4 4 8 8 8 8 8 8 8 8 8 8 8 8 8 8 8 8 10 10 10 10 10 11 10 11 11 11 11 11 11 11 11 11 11 11 6 6 6 6 6 6 6 6 6 6 6 6 12 12 12 12 12 12 12 12 12 12 12 12 12 12 3 12 3 
3 3 3 3 3 3 3 3 3 3 3 3 3 3 3 3 12 12 5 12 9 3 3 12 6 6 6 7 7 7 7 6 6 6 5 5 5 9 12 3 5 12 3 3 12 5 12 12 12 11 11 4 11 11 11 12 12 12 4 4 4 4 4 4 4 4 4 4 4 4 4 4 4 1 8 8 8 8 11 11 11 11 12 7 11 11 11 11 11 11 11 11 11 11 11 9 9 9 9 9 9 9 9 9 9 9 9 9 9 9 9 9 9 6 9 6 6 9 6 6 6 6 12 6 
3 3 3 3 3 3 3 3 3 3 3 3 3 3 5 5 3 3 3 3 3 7 7 6 7 6 3 5 5 5 12 12 4 4 4 4 4 4 4 4 4 4 4 4 8 8 8 8 8 8 8 8 8 8 8 8 8 8 10 10 10 10 10 11 11 11 11 11 11 11 11 11 11 11 11 11 11 6 6 6 6 6 6 6 6 6 9 9 9 9 9 9 5 5 5 5 3 3 3 3 3 3 3 3 3 3 3 3 3 3 3 3 
3 3 3 3 3 3 3 3 3 3 3 3 3 3 3 3 3 3 12 12 12 4 4 4 4 4 4 4 4 4 4 4 8 8 8 8 8 8 8 8 8 8 8 10 10 10 10 11 11 11 11 11 11 11 11 11 11 11 9 6 6 6 5 5 5 3 3 3 3 3 3 3 3 3 3 3 3 3 
12 12 12 12 12 12 12 12 3 2 7 3 5 5 3 3 3 3 3 3 3 3 3 3 12 12 9 4 4 4 4 4 4 4 4 4 1 4 1 1 9 9 9 9 9 9 8 10 10 10 10 11 11 11 11 11 11 11 11 11 11 11 11 9 6 9 9 9 9 5 12 12 12 12 12 3 3 12 12 12 12 
3 3 3 3 3 3 3 3 3 3 3 3 3 3 3 3 3 3 3 3 3 7 7 3 3 3 3 3 3 3 6 6 3 3 3 3 3 3 3 3 3 3 3 3 3 3 12 12 12 12 4 4 4 4 4 4 4 4 4 4 4 4 1 8 1 1 8 8 8 8 8 8 1 1 11 11 11 11 11 11 11 11 11 11 11 6 6 6 6 6 6 6 12 6 6 6 6 12 12 6 12 12 12 12 12 12 12 
3 3 3 3 3 3 3 3 3 3 3 3 3 3 3 3 3 3 12 12 12 4 4 4 4 4 4 4 4 4 4 1 1 1 8 8 8 8 8 8 8 8 8 8 8 10 10 11 11 11 11 11 11 11 11 11 11 6 6 6 6 6 6 6 6 6 6 5 6 12 6 6 5 6 5 3 12 3 3 3 3 3 3 12 
3 3 3 3 3 3 3 3 3 3 3 3 3 3 3 3 3 3 3 3 3 9 9 12 3 3 3 7 3 5 3 5 3 3 3 7 12 12 12 12 11 11 11 12 11 11 4 4 4 4 4 4 4 4 4 4 1 1 1 1 1 1 1 1 1 1 1 1 1 10 10 10 1 11 11 11 11 11 11 11 11 11 11 11 9 12 12 3 3 3 12 3 12 3 3 3 3 3 3 3 3 3 3 3 3 3 3 3 12 5 
3 3 3 3 3 3 3 3 3 3 3 3 3 3 3 3 3 3 12 12 4 4 4 4 4 4 4 4 4 4 8 8 8 1 1 1 1 1 1 1 1 11 11 11 11 11 11 11 11 11 11 11 11 11 11 12 12 12 3 12 12 3 12 12 3 12 3 3 3 3 3 3 3 3 3 3 3 3 
5 3 5 3 3 5 3 3 3 6 5 5 5 5 7 7 5 12 5 12 12 4 4 4 4 4 4 4 4 4 8 8 8 8 8 8 8 8 8 8 8 8 10 10 10 11 11 11 11 11 11 4 4 4 11 11 11 11 6 6 6 6 6 6 6 6 6 6 6 6 6 5 6 5 5 5 5 5 5 5 5 5 3 5 3 
12 3 3 3 3 3 3 3 3 3 3 3 9 9 12 5 5 5 12 12 12 9 11 1 4 4 4 4 8 8 8 8 8 8 1 1 1 1 1 1 10 10 1 1 1 11 11 11 11 11 11 11 11 11 9 6 6 6 6 6 6 6 6 6 6 6 6 6 6 6 6 6 6 6 6 6 6 12 12 12 6 12 12 6 12 12 12 12 12 5 12 5 12 12 12 12 12 12 12 12 3 3 
