12 12 5 5 5 5 5 6 12 12 5 5 5 5 5 6 6 6 5 5 5 7 7 7 2 7 7 7 10 10 10 10 10 10 10 10 10 10 4 4 11 11 9 9 9 9 9 9 9 9 9 9 9 9 12 9 12 12 12 9 5 9 12 12 5 12 12 9 12 12 
5 5 5 5 5 5 5 5 5 5 5 5 5 5 5 5 5 5 5 3 5 7 2 2 2 2 7 7 6 6 10 10 10 11 10 10 10 11 10 10 10 10 10 10 10 10 10 10 10 10 10 10 10 10 4 4 4 4 11 11 9 9 9 9 9 9 5 5 5 5 5 5 9 5 5 5 5 5 5 5 5 5 5 
5 5 5 5 5 5 5 5 5 5 5 3 3 5 5 5 5 5 5 5 5 12 7 2 2 2 7 7 12 10 10 10 10 10 10 10 10 10 10 10 10 10 10 10 10 10 10 1 1 1 4 1 4 4 4 11 4 11 11 9 9 9 9 9 5 5 5 5 5 5 5 5 5 5 5 5 5 5 5 5 
5 5 3 5 5 3 5 12 3 5 5 5 5 3 5 5 3 3 5 5 6 7 2 2 7 12 12 11 11 10 10 10 10 10 10 10 10 10 10 10 10 1 1 11 1 1 4 1 4 4 4 4 4 9 9 9 9 9 9 9 9 9 9 9 9 9 12 12 12 12 12 5 5 12 12 12 12 5 3 3 5 12 6 
5 5 5 5 5 5 5 5 5 5 5 5 5 5 5 5 12 5 5 5 5 7 7 5 5 3 2 12 5 5 5 5 5 5 5 5 5 5 5 12 2 2 2 2 7 7 7 6 11 10 10 10 10 10 10 10 10 10 10 10 10 10 10 10 10 10 10 10 11 4 4 4 4 4 4 4 4 11 9 9 9 9 9 5 12 5 12 5 5 12 5 12 5 5 5 5 5 5 5 5 5 5 5 5 5 9 
6 6 5 5 6 6 6 5 6 5 5 6 5 6 6 6 6 6 6 6 6 3 7 2 2 3 5 5 6 6 9 6 6 6 5 5 6 5 6 6 5 5 6 6 5 7 2 2 2 2 2 2 7 7 10 10 10 10 4 4 4 4 4 4 4 4 4 4 4 4 4 4 4 4 4 11 11 11 11 11 11 11 9 9 9 9 9 9 9 9 9 9 9 9 9 9 9 9 9 9 9 9 9 
5 5 5 5 9 9 9 9 9 9 9 9 9 9 9 9 5 5 5 9 5 3 3 12 2 2 3 5 5 5 5 3 3 3 3 3 5 5 5 5 5 5 5 5 5 5 5 5 6 3 7 2 2 7 12 6 10 10 10 10 10 10 10 10 10 10 10 10 10 10 10 10 10 10 10 10 10 10 10 10 10 10 4 4 1 4 4 4 4 4 11 11 11 9 9 9 9 9 9 12 5 5 5 5 5 5 5 5 5 5 5 5 5 5 5 5 12 5 5 5 
5 5 5 5 5 5 5 5 5 5 5 5 9 6 6 6 5 5 5 5 5 2 2 2 2 2 2 2 2 7 10 10 10 10 10 10 10 10 10 10 10 10 10 10 10 10 10 10 10 10 10 10 10 10 11 10 4 4 4 4 4 4 4 4 4 4 4 4 4 11 9 9 9 9 9 9 9 9 5 5 9 5 5 5 5 5 5 5 5 5 5 5 5 5 5 5 5 5 
5 5 5 5 5 5 5 5 5 5 5 5 5 5 5 5 5 5 5 5 5 3 2 2 2 3 12 7 10 10 10 10 10 10 10 10 10 10 10 10 10 10 10 10 10 10 10 10 10 10 10 10 10 1 1 1 1 4 8 9 9 9 9 9 9 9 9 9 9 9 9 5 12 5 5 5 5 5 5 5 5 5 5 5 5 5 5 
5 5 5 5 5 5 5 5 5 5 5 5 5 5 5 5 5 9 5 5 5 7 2 6 5 12 5 3 3 5 12 3 5 5 5 5 5 3 3 3 3 3 2 2 2 2 2 2 2 7 12 10 10 10 10 10 10 10 10 10 10 10 10 10 10 10 10 10 10 10 1 1 1 1 4 4 4 4 4 4 4 11 9 9 9 9 9 9 9 9 9 9 9 9 9 9 9 9 9 9 9 9 9 9 9 9 9 
9 9 9 9 9 9 9 6 9 9 9 5 9 5 5 5 5 9 5 5 3 7 12 5 5 5 5 5 5 5 2 2 2 2 7 7 7 7 12 10 10 10 10 10 10 10 10 10 10 10 10 10 10 10 10 10 10 10 10 10 10 10 10 10 11 11 11 12 9 12 7 12 9 9 9 9 5 5 9 9 9 12 5 5 5 5 5 5 5 5 5 5 5 5 5 5 5 12 12 5 5 
5 5 5 5 5 5 5 5 5 5 5 5 5 5 5 12 9 5 5 12 5 9 6 6 5 5 5 5 5 5 5 5 5 5 5 6 7 2 2 2 7 10 10 10 10 10 10 10 10 10 10 10 10 10 4 4 4 4 4 11 11 11 9 9 9 6 6 6 9 9 12 12 5 5 5 5 5 5 5 5 5 12 5 5 5 12 5 5 
5 5 5 3 5 6 5 5 5 5 5 6 6 5 12 5 5 5 3 5 3 5 7 2 2 2 2 7 10 10 10 10 10 10 10 10 10 10 10 10 10 10 10 10 1 1 1 1 4 4 4 4 11 11 9 9 9 9 9 9 9 9 9 12 5 12 12 5 5 12 5 5 5 5 5 5 5 5 5 
3 3 3 3 3 3 3 3 3 3 3 3 5 5 5 5 6 6 3 3 5 2 2 2 2 7 12 10 10 10 10 10 10 10 10 10 10 10 10 10 4 4 4 4 4 4 4 4 4 4 4 4 4 4 1 1 1 9 9 9 9 9 5 9 6 5 5 5 5 5 5 5 5 5 5 5 3 3 3 3 5 3 3 3 
3 3 3 5 3 5 5 5 5 9 5 5 5 5 5 5 5 5 5 5 5 7 2 2 2 2 7 12 10 10 10 10 10 10 10 10 10 10 10 10 10 10 10 10 10 10 10 10 10 8 4 4 11 11 11 11 9 9 9 9 9 9 9 9 9 9 9 9 9 9 9 9 9 9 9 9 9 9 9 9 9 9 9 
5 5 5 5 5 12 5 5 5 5 5 5 5 5 5 5 5 5 5 5 6 7 2 2 2 7 12 10 10 10 10 10 10 10 10 10 10 10 10 10 10 1 1 1 11 11 4 11 9 9 9 9 9 5 6 9 5 5 5 12 12 12 12 12 12 5 12 12 5 5 5 12 
12 5 12 12 12 5 12 12 12 5 12 5 9 11 9 12 12 5 5 12 12 3 7 2 2 7 7 12 10 10 10 10 10 10 10 10 10 10 10 10 10 4 4 4 4 4 4 1 1 1 1 1 9 9 9 9 9 9 9 9 9 12 12 12 5 12 12 12 12 6 5 12 12 12 9 9 9 5 12 5 12 12 12 12 6 6 5 12 12 12 12 5 12 12 12 12 12 12 12 12 7 7 6 12 5 12 12 12 12 12 12 12 12 12 12 12 12 12 12 5 5 12 12 12 12 12 12 12 12 12 12 
5 5 5 5 5 5 5 5 5 5 5 5 5 9 12 9 9 9 9 5 6 2 2 2 2 7 7 12 10 10 10 10 10 10 10 10 10 10 10 10 10 10 10 10 10 10 8 8 4 4 4 4 4 4 4 11 11 4 11 11 11 9 6 6 6 9 5 5 5 5 5 5 5 5 5 5 5 5 5 5 5 5 3 5 5 5 5 
5 5 5 5 5 5 5 5 5 5 12 3 5 5 12 12 5 9 5 5 5 5 12 7 7 7 12 6 6 10 10 10 10 10 10 10 10 10 10 10 10 10 10 10 10 10 11 12 12 12 12 12 9 6 9 9 9 9 9 9 9 9 9 9 9 9 9 9 12 9 9 12 12 12 9 
12 3 3 12 3 3 5 3 3 3 3 3 5 5 5 3 12 3 3 3 5 7 2 2 2 7 7 3 12 10 10 10 10 10 10 10 10 10 10 10 10 10 10 10 10 10 10 10 10 10 10 10 11 11 4 4 4 4 4 11 11 9 9 5 9 5 5 9 5 5 5 5 5 5 5 5 12 12 12 12 12 5 12 12 12 3 12 12 
12 12 12 12 12 12 12 12 5 5 5 6 5 6 6 5 5 6 9 6 6 6 6 6 6 6 6 5 12 12 12 5 6 6 3 7 5 5 9 9 9 9 9 9 12 12 5 3 7 5 7 2 2 2 2 2 7 7 6 11 10 11 10 10 11 11 11 11 11 11 11 11 11 11 11 11 11 10 10 11 11 11 11 4 4 4 11 11 11 9 9 9 9 9 9 9 9 9 9 9 9 9 9 12 12 12 12 12 12 12 12 12 5 5 5 3 5 
5 5 5 5 5 5 5 5 5 5 5 5 5 5 5 3 5 5 5 5 5 6 6 5 2 2 12 9 12 12 5 3 3 3 3 7 2 2 2 2 2 7 12 10 10 10 10 10 10 10 10 10 10 10 10 10 10 10 10 4 4 4 4 4 11 4 4 4 4 11 11 1 9 9 9 9 9 9 9 9 9 9 9 9 9 9 9 9 9 9 9 9 
6 6 5 5 5 5 5 5 5 5 5 5 5 5 5 5 5 5 5 5 6 7 2 2 2 2 2 2 2 2 7 7 10 10 10 10 10 10 10 10 10 10 8 8 4 4 4 4 4 4 4 4 4 4 4 4 4 4 4 4 4 4 4 11 1 9 9 6 6 9 9 6 6 9 9 9 9 9 9 9 9 9 9 5 5 5 5 5 9 6 6 5 5 5 5 5 5 5 
9 9 6 9 9 9 9 9 9 9 5 5 5 5 12 12 5 5 5 5 3 3 5 5 5 3 2 2 2 7 7 7 12 10 10 10 10 10 10 10 10 10 10 10 10 10 10 10 10 10 10 10 10 10 10 10 10 10 8 8 4 11 11 11 11 11 10 11 11 9 9 9 9 9 9 9 9 9 9 9 5 5 5 5 5 5 5 3 5 9 5 5 5 5 5 5 5 5 
5 5 5 5 3 3 3 5 3 3 5 3 3 3 3 3 3 3 3 3 6 7 2 7 7 12 10 10 10 10 10 10 10 10 10 10 10 10 10 10 1 10 11 10 1 1 4 4 4 11 11 11 11 9 9 6 6 6 9 12 12 12 12 12 12 12 12 12 12 12 5 5 3 12 3 3 3 5 
5 12 5 5 5 12 5 5 12 5 5 5 5 5 5 5 5 12 5 12 5 3 5 5 5 5 5 5 5 5 5 5 5 12 5 5 5 9 9 12 7 7 5 5 5 5 12 12 12 12 5 5 5 5 5 9 12 2 2 2 2 2 2 7 7 12 10 10 10 10 10 10 10 10 10 10 10 10 10 10 10 10 10 10 10 10 10 1 1 1 4 4 1 1 1 1 1 1 1 9 9 9 9 9 9 9 9 9 9 9 9 5 12 5 12 5 5 5 5 5 12 5 5 5 
5 5 5 5 5 5 5 5 5 5 5 5 5 5 9 9 12 12 12 12 12 3 3 12 9 3 2 2 2 2 2 2 7 10 10 10 10 10 10 10 10 10 10 10 10 10 10 10 10 10 10 10 4 4 4 4 4 11 9 9 9 9 9 9 9 9 9 9 9 9 9 9 9 9 9 9 5 5 5 5 5 5 5 5 5 
5 5 5 5 5 3 3 3 3 3 5 5 5 5 5 5 5 3 5 5 5 6 7 2 2 7 7 6 7 10 10 10 10 10 10 10 10 10 10 10 10 10 10 10 10 10 8 8 8 4 4 4 4 4 4 4 11 9 9 9 9 9 9 9 9 9 6 9 12 12 12 9 9 12 12 12 12 12 12 12 12 12 12 5 
5 5 5 5 5 5 5 5 5 5 12 3 3 5 12 12 3 3 3 3 7 2 2 2 7 3 10 10 10 10 10 10 10 10 10 10 10 10 10 10 10 1 4 4 4 4 4 11 1 11 11 9 9 9 9 9 9 9 9 5 5 5 5 5 12 5 5 5 12 5 5 5 5 12 12 12 
5 5 5 5 5 5 6 6 5 5 5 5 5 5 5 5 5 5 5 3 3 7 7 2 2 2 2 2 2 2 7 12 10 10 10 10 10 10 10 10 10 10 10 10 10 10 10 10 8 8 8 8 8 4 4 4 4 4 4 4 4 4 4 11 9 9 9 9 9 1 9 9 9 9 9 9 9 9 9 9 9 9 5 5 9 5 5 5 5 5 5 5 5 
5 5 5 5 5 5 12 5 5 5 6 12 5 5 12 9 9 9 9 9 9 6 6 7 7 3 12 5 5 7 7 6 5 5 5 5 3 3 5 5 12 6 5 6 5 5 5 5 5 5 5 6 7 2 2 2 7 7 7 10 10 10 10 10 10 10 10 4 8 4 4 4 4 4 4 4 4 11 11 11 11 9 9 9 9 9 9 9 9 9 9 9 9 9 9 9 9 9 9 6 6 9 9 6 9 9 
5 5 5 5 5 5 5 5 5 5 3 3 5 3 5 3 5 5 5 5 5 5 6 7 2 2 2 2 2 2 2 7 12 10 10 10 10 10 10 10 10 10 10 10 10 10 10 10 10 10 10 10 8 4 4 4 4 4 4 4 4 4 4 1 1 1 1 8 1 1 9 9 9 9 9 9 9 9 9 9 5 5 9 5 5 5 5 5 5 5 5 5 5 
5 5 5 5 5 5 5 5 5 5 5 5 5 5 5 5 5 5 5 5 5 3 3 3 3 7 7 5 12 5 5 5 5 5 5 5 5 5 5 5 5 5 5 5 6 7 2 7 7 6 10 10 10 10 10 10 10 10 10 10 10 10 10 10 10 10 10 1 4 4 4 4 4 4 4 11 9 9 9 9 9 5 5 5 5 5 5 12 12 5 5 5 5 5 5 12 5 5 12 
5 6 5 5 5 3 5 3 3 3 7 3 3 3 3 7 7 6 5 5 3 5 5 3 3 3 3 6 7 2 2 7 7 6 10 10 11 11 10 10 11 11 10 10 10 1 1 4 4 4 4 4 11 11 12 3 9 9 9 9 9 9 9 9 9 9 9 9 9 9 9 9 9 9 9 9 9 9 9 9 9 9 9 9 9 
5 5 5 5 5 5 5 5 5 5 12 5 5 5 5 5 12 12 12 5 5 7 2 2 5 5 6 6 5 3 3 3 5 5 5 9 9 12 12 5 5 5 7 2 2 2 2 2 7 12 10 10 10 10 10 10 10 10 10 11 10 11 1 1 1 1 1 1 1 1 1 1 1 1 1 1 11 11 9 9 9 9 9 9 9 9 9 9 9 9 12 12 12 12 12 12 12 12 12 12 12 5 5 
5 5 5 5 5 5 5 5 5 5 5 5 5 5 5 5 5 5 5 5 5 12 2 2 2 2 7 7 12 11 11 11 10 10 10 10 10 10 10 10 10 10 10 10 10 10 10 10 10 10 10 10 10 10 10 10 10 10 11 11 9 9 9 9 9 9 9 9 9 9 9 9 9 9 9 5 9 9 9 9 5 9 5 9 5 5 5 
5 6 12 5 5 5 5 5 12 12 5 5 5 5 5 5 5 5 5 5 5 5 12 12 5 5 5 5 6 9 5 5 6 5 5 5 5 5 9 12 3 7 7 12 12 12 5 5 5 5 5 6 2 2 2 2 2 2 2 7 7 7 7 10 11 10 10 10 11 11 10 10 10 11 11 11 1 1 1 10 1 1 4 4 4 4 4 4 11 9 9 9 9 9 5 5 5 6 5 5 5 5 5 5 5 5 12 12 5 5 12 5 5 
5 5 5 5 5 5 12 5 3 6 6 6 6 12 5 5 5 5 5 5 5 12 7 2 2 2 7 7 7 11 11 11 10 10 11 11 10 10 10 1 1 1 1 4 4 4 4 4 4 11 11 11 4 11 11 11 9 9 6 12 5 5 5 6 12 5 12 5 5 5 12 5 12 5 5 5 5 5 
5 12 5 5 5 5 5 5 5 5 5 5 5 6 5 5 5 6 5 5 5 3 12 12 5 5 3 3 5 5 5 5 5 5 5 6 7 2 2 2 2 7 7 7 10 10 10 10 10 10 10 10 10 4 4 4 4 4 4 4 4 4 8 4 4 4 4 4 4 11 9 9 9 9 9 9 9 9 6 6 6 6 6 6 6 9 6 6 6 6 6 6 6 5 6 5 5 
5 3 3 3 3 3 5 3 5 5 3 3 5 5 5 3 3 3 3 5 5 7 2 2 2 2 2 7 12 10 10 10 10 10 10 10 10 10 10 10 10 10 10 10 1 10 1 1 8 8 4 4 4 4 4 4 4 4 11 11 9 9 9 9 9 9 9 9 5 9 9 5 9 9 9 12 9 9 9 9 9 9 9 9 9 
