1 1 649.493617 781.273212 731.772908 
1 1 494.011338 605.813713 570.193902 
1 1 517.802387 695.165219 599.198556 
1 1 394.732708 671.319635 627.694838 
1 1 531.054355 653.109394 627.074196 
1 1 487.391428 691.650938 565.892445 
1 1 443.794356 578.960069 523.215935 
1 1 445.691993 748.541376 604.311548 
1 1 529.334530 617.211902 542.346251 
1 1 541.733153 756.926132 672.281326 
1 1 600.565682 822.991022 705.948463 
1 1 550.587672 694.422766 620.301914 
1 1 593.133435 783.888263 690.711253 
1 1 427.334615 567.293198 464.343528 
1 1 546.750694 653.887120 580.773541 
1 1 467.787753 674.401210 569.424487 
1 1 446.144286 615.899494 580.839244 
2 2 769.396006 586.303541 726.299174 
2 2 767.762192 586.008509 721.515605 
2 2 669.387712 447.294825 607.629494 
2 2 638.378776 469.123111 629.391910 
2 2 473.907683 370.106005 447.643398 
2 2 633.352012 468.624108 570.484558 
2 2 521.093141 413.188959 522.770777 
2 2 727.843799 464.859285 655.405475 
2 2 645.254781 455.421819 582.023513 
2 2 724.116775 529.376627 680.782009 
2 2 801.705273 520.880338 710.409105 
2 2 726.041326 485.850508 641.832371 
2 2 631.990576 515.367805 571.197611 
2 2 604.304578 449.113670 550.898281 
2 2 550.087014 447.101306 604.334529 
2 2 841.662921 587.519795 764.471626 
2 2 579.559446 394.503366 545.267458 
5 5 673.268586 700.673317 640.203132 
5 5 638.460765 732.599002 553.636695 
5 5 659.465324 739.992986 582.909294 
5 5 755.607168 900.704206 686.508231 
5 1 450.541362 562.001163 488.102045 
5 5 604.587872 645.512636 480.716815 
5 5 544.599501 628.529263 526.754648 
5 5 586.208634 770.369346 544.829708 
5 5 594.104189 599.919565 517.630019 
5 5 741.227625 794.313912 618.463847 
5 5 822.615232 979.505569 769.160408 
5 5 622.431808 652.097128 515.210060 
5 5 685.642935 790.328458 634.588637 
5 5 629.412526 694.099566 554.567946 
5 5 693.345447 704.715092 587.903995 
5 5 737.908405 762.507833 570.987018 
5 5 485.128060 550.266073 437.820319 
