2 2 -240.906707 -167.838763 -320.988552 
2 2 -311.345632 -140.170830 -304.760317 
2 2 -240.400467 -126.381894 -291.371405 
2 2 -236.859609 -118.175463 -279.481204 
2 2 -205.711584 -90.245912 -260.028318 
2 2 -203.311490 -74.986702 -228.296381 
1 1 -167.616533 -319.173593 -224.805617 
2 2 -221.651039 -97.919813 -221.301727 
2 2 -206.584987 -114.004860 -221.152687 
2 2 -227.433182 -175.664144 -208.273445 
2 2 -179.252498 -139.297330 -204.645644 
3 3 -273.076314 -289.942866 -201.483788 
2 2 -180.603842 -100.291248 -199.419852 
1 1 -119.272670 -264.161443 -191.740503 
2 2 -154.902447 -79.239826 -185.538529 
1 1 -121.847057 -262.869868 -185.498523 
3 1 -155.443734 -284.425484 -184.368488 
2 2 -218.929280 -81.278192 -183.863077 
2 2 -188.228237 -91.638108 -183.596913 
3 3 -250.979309 -330.325116 -178.926665 
3 3 -191.685196 -260.411040 -177.454623 
1 1 -143.762363 -214.916144 -174.014388 
1 1 -109.258675 -240.114697 -172.422375 
1 1 -144.337274 -224.368090 -170.150944 
1 3 -173.533028 -218.785151 -165.297322 
2 2 -180.759902 -89.184941 -159.072446 
1 1 -94.141898 -241.552520 -156.660535 
3 3 -167.700952 -230.481492 -153.618072 
1 1 -84.772265 -234.909358 -153.208154 
1 1 -109.214493 -257.633937 -153.046569 
3 3 -177.517465 -259.006896 -150.461327 
2 2 -191.626354 -86.342983 -149.376114 
1 1 -111.167160 -265.900344 -149.083785 
1 1 -125.256036 -202.280256 -146.382612 
3 3 -208.255880 -232.660549 -140.350031 
3 3 -190.376547 -260.453675 -138.203932 
1 1 -123.070686 -194.057915 -137.031506 
3 3 -161.953460 -187.937801 -134.049437 
3 3 -183.210163 -276.129476 -131.428699 
2 1 -128.262134 -183.290836 -130.261607 
3 3 -144.100081 -226.248861 -128.623129 
3 3 -192.260799 -225.179126 -120.924555 
3 3 -168.902152 -246.997128 -120.628925 
1 1 -91.744739 -226.863297 -120.051609 
1 3 -135.903803 -209.198545 -119.657222 
1 1 -86.942256 -206.034927 -119.588236 
3 3 -136.052051 -259.352504 -114.779452 
1 1 -89.794586 -207.612686 -114.564336 
3 3 -178.800925 -243.610897 -106.330021 
3 3 -143.828279 -199.064673 -105.406422 
3 3 -109.405521 -207.211301 -97.422532 
