   4.3250000e+00  -7.8841812e+00
   4.3500000e+00  -6.1338775e+00
   3.1750000e+00  -2.7783774e+00
   4.0000000e+00  -3.1029670e+00
   3.0500000e+00  -2.8198174e+00
   4.4750000e+00  -7.6132613e+00
   3.7250000e+00  -1.0742456e+00
   3.9750000e+00  -3.8648869e+00
   4.6000000e+00  -5.9603155e+00
   4.6750000e+00  -8.5432736e+00
   4.8000000e+00  -5.5970389e+00
   3.7500000e+00  -1.9786186e+00
   3.9250000e+00  -2.4525053e+00
   2.8250000e+00  -1.4847184e+00
   3.4500000e+00  -1.5751181e+00
   3.4000000e+00  -1.9982206e+00
   2.5750000e+00  -4.8030362e-01
   4.5750000e+00  -6.2248606e+00
   3.5500000e+00  -2.2724562e+00
   3.5750000e+00  -1.9867978e+00
   3.6000000e+00  -5.0921722e+00
   2.9250000e+00  -2.5614946e+00
   4.7750000e+00  -5.8793601e+00
   3.5250000e+00   3.5683018e-01
   2.6500000e+00  -1.7449541e-02
   3.4750000e+00  -8.2305750e-01
   3.3500000e+00  -1.9288905e+00
   3.4250000e+00  -1.5310347e+00
   4.1000000e+00  -6.2222100e+00
   3.6250000e+00  -1.6741461e+00
   3.2000000e+00  -3.1469245e+00
   2.9750000e+00  -2.3315976e+00
   3.0750000e+00  -2.0999567e+00
   3.0000000e+00  -2.1888978e+00
   4.9250000e+00  -4.2224585e+00
   3.3250000e+00  -9.9359181e-01
   4.3000000e+00  -6.5440149e+00
   3.3000000e+00  -3.0014333e+00
   3.3750000e+00  -3.3855838e+00
   4.0750000e+00  -5.4457900e+00
   3.2250000e+00  -4.1782512e+00
   2.6000000e+00  -1.5624851e+00
   4.9000000e+00  -6.0173080e+00
   4.2750000e+00  -5.7371544e+00
   2.9500000e+00  -1.4467799e+00
   3.1000000e+00  -1.5259385e+00
   2.7000000e+00  -2.4464504e+00
   4.4250000e+00  -7.0686599e+00
   3.7750000e+00  -1.8251598e+00
   3.6750000e+00  -1.7164824e+00
   3.2500000e+00  -2.4325376e+00
   2.6250000e+00  -6.2074663e-01
   3.8000000e+00  -3.0706699e+00
   4.1500000e+00  -6.2221613e+00
   4.7000000e+00  -7.2268122e+00
   2.8500000e+00  -1.9540658e+00
   4.7500000e+00  -5.9322953e+00
   4.0500000e+00  -4.5687300e+00
   3.8500000e+00  -1.9928608e+00
   2.8000000e+00  -8.9639328e-01
   4.8750000e+00  -6.2092046e+00
   3.9500000e+00  -3.3599353e+00
   2.5250000e+00  -2.7331296e+00
   2.9000000e+00  -4.8979078e-01
   3.8250000e+00  -1.5822412e+00
   3.7000000e+00  -2.2541929e+00
   4.2250000e+00  -4.9175167e+00
   4.5500000e+00  -6.0394346e+00
   4.1250000e+00  -5.7231084e+00
   2.5500000e+00  -1.2510343e+00
   4.9750000e+00  -3.5692667e+00
   2.7750000e+00  -8.9444683e-01
   2.5000000e+00  -2.9500189e+00
   4.7250000e+00  -7.1878602e+00
   3.8750000e+00  -2.8663953e+00
   3.2750000e+00  -2.0741592e+00
   3.1250000e+00  -3.7388456e+00
   4.9500000e+00  -5.2984703e+00
   4.0250000e+00  -2.8122808e+00
   2.6750000e+00  -1.8808955e+00
   4.5000000e+00  -7.9206739e+00
   4.2500000e+00  -8.4748167e+00
   4.1750000e+00  -6.8295662e+00
   4.4500000e+00  -8.3157178e+00
   4.4000000e+00  -8.8078750e+00
   4.2000000e+00  -5.6695197e+00
   4.5250000e+00  -7.5730329e+00
   4.8500000e+00  -6.8742688e+00
   4.6250000e+00  -7.0881572e+00
   3.1500000e+00  -3.1007840e+00
   4.8250000e+00  -5.2554836e+00
   2.8750000e+00  -1.0526215e+00
   3.6500000e+00  -2.7352829e+00
   3.0250000e+00  -2.3535573e+00
   3.9000000e+00  -3.0308508e+00
   2.7500000e+00  -1.5916603e+00
   2.7250000e+00  -4.8673040e-01
   4.6500000e+00  -7.3075817e+00
   3.5000000e+00  -1.0833229e+00
   4.3750000e+00  -7.3659795e+00
