   9.1500000e-01   4.6666667e-01   6.3197556e-01
   6.5000000e-01  -3.6000000e+00  -1.7966262e+00
   2.1500000e-01  -3.5666667e+00  -2.2511650e+00
  -2.9500000e-01  -3.9666667e+00  -2.3971722e+00
  -3.5000000e-02   4.6666667e-01  -2.0079265e+00
   8.8500000e-01  -2.8000000e+00   3.1021718e-01
  -4.4500000e-01  -3.1333333e+00  -2.4967636e+00
   8.2000000e-01   2.7666667e+00  -3.6737860e-01
   3.3000000e-01  -4.3666667e+00  -2.4490976e+00
   5.9000000e-01   1.2666667e+00  -2.1244767e+00
  -1.7500000e-01   8.6666667e-01  -2.1771213e+00
  -2.1000000e-01   3.8666667e+00  -2.2416958e+00
   2.1500000e-01  -3.8333333e+00  -2.2511650e+00
  -2.6000000e-01   6.6666667e-01  -2.3359587e+00
   3.8500000e-01  -2.5333333e+00  -2.5005756e+00
   4.5000000e-02   2.6666667e-01  -2.0130641e+00
   5.3500000e-01  -1.4000000e+00  -2.3334789e+00
   9.6500000e-01  -4.3000000e+00   1.1669597e+00
  -3.2500000e-01   1.5666667e+00  -2.4424285e+00
   5.7500000e-01   3.3666667e+00  -2.1901365e+00
   8.6000000e-01  -2.5333333e+00   4.5152929e-02
  -3.6500000e-01   3.6000000e+00  -2.4869980e+00
  -3.0000000e-01  -3.1333333e+00  -2.4052696e+00
   4.3000000e-01  -3.2000000e+00  -2.5046701e+00
  -1.2500000e-01   3.9000000e+00  -2.0957741e+00
   3.0000000e-02   3.2333333e+00  -2.0058305e+00
   4.8000000e-01   3.8333333e+00  -2.4579537e+00
   1.9500000e-01   4.1333333e+00  -2.2135591e+00
   2.1500000e-01   3.5000000e+00  -2.2511650e+00
   7.3000000e-01  -7.6666667e-01  -1.2052302e+00
   7.9000000e-01   1.0000000e-01  -6.6304047e-01
  -3.4000000e-01  -2.8333333e+00  -2.4615627e+00
   2.0000000e-02  -1.8000000e+00  -2.0025962e+00
  -2.4000000e-01  -2.4333333e+00  -2.2986270e+00
   4.1000000e-01  -1.0000000e-01  -2.5077363e+00
   9.0000000e-02   3.1000000e+00  -2.0510840e+00
  -2.6500000e-01   2.6666667e-01  -2.3450924e+00
   9.6500000e-01   7.6666667e-01   1.1669597e+00
   1.0500000e-01   4.6000000e+00  -2.0687688e+00
   8.4000000e-01   4.5666667e+00  -1.6330056e-01
   4.9000000e-01   3.7666667e+00  -2.4412989e+00
  -2.5000000e-01   1.0000000e+00  -2.3174253e+00
   9.1500000e-01  -8.3333333e-01   6.3197556e-01
  -1.5500000e-01  -3.4333333e+00  -2.1425797e+00
   9.3000000e-01   3.6666667e+00   7.9321866e-01
   8.2500000e-01  -6.6666667e-01  -3.1682686e-01
   3.0500000e-01  -1.6000000e+00  -2.4131637e+00
   4.4000000e-01  -2.4666667e+00  -2.4999545e+00
   2.8000000e-01  -7.6666667e-01  -2.3717982e+00
   3.0000000e-02  -2.3333333e+00  -2.0058305e+00
  -2.5000000e-02  -1.6666667e+00  -2.0040531e+00
  -7.0000000e-02   4.5333333e+00  -2.0312753e+00
   8.0000000e-01   8.6666667e-01  -5.6604505e-01
   4.3000000e-01   3.2333333e+00  -2.5046701e+00
  -1.4500000e-01   3.1333333e+00  -2.1262322e+00
   5.1000000e-01  -3.1000000e+00  -2.4001514e+00
   1.1000000e-01   1.3333333e-01  -2.0751678e+00
   1.1000000e-01   3.0333333e+00  -2.0751678e+00
   1.0000000e-02   4.7333333e+00  -2.0006498e+00
   8.4500000e-01  -1.5000000e+00  -1.1155579e-01
   3.4500000e-01  -1.5333333e+00  -2.4673313e+00
   3.3000000e-01   6.6666667e-02  -2.4490976e+00
   6.5000000e-01   4.4666667e+00  -1.7966262e+00
   8.0000000e-02  -1.5666667e+00  -2.0406209e+00
   3.5000000e-01   1.1000000e+00  -2.4727726e+00
   6.4000000e-01   1.4666667e+00  -1.8584404e+00
   4.7500000e-01   3.2333333e+00  -2.4653277e+00
  -1.2500000e-01  -1.0333333e+00  -2.0957741e+00
   7.2000000e-01   1.2666667e+00  -1.2880295e+00
   2.1000000e-01   4.1333333e+00  -2.2416958e+00
  -5.5000000e-02   4.7333333e+00  -2.0194431e+00
   5.9500000e-01   2.2333333e+00  -2.1011351e+00
   4.0500000e-01  -2.0000000e-01  -2.5072422e+00
  -1.2500000e-01  -1.5666667e+00  -2.0957741e+00
   0.0000000e+00  -2.5000000e+00  -2.0000000e+00
   9.7500000e-01  -1.6000000e+00   1.2724378e+00
  -5.0000000e-02  -1.2666667e+00  -2.0161001e+00
  -3.5000000e-02  -4.3333333e-01  -2.0079265e+00
  -5.0000000e-02   2.5666667e+00  -2.0161001e+00
   1.2500000e-01   1.1666667e+00  -2.0957741e+00
   5.3000000e-01  -2.1666667e+00  -2.3481984e+00
   2.6500000e-01   4.2666667e+00  -2.3450924e+00
  -3.5000000e-02   4.0666667e+00  -2.0079265e+00
  -2.4000000e-01  -3.3333333e-02  -2.2986270e+00
   2.0500000e-01   3.9666667e+00  -2.2322636e+00
   9.2500000e-01  -1.4333333e+00   7.3949295e-01
   7.1500000e-01  -7.0000000e-01  -1.3285349e+00
   4.5000000e-01  -1.6666667e-01  -2.4930035e+00
   6.3500000e-01   4.5000000e+00  -1.8882846e+00
   1.7000000e-01   3.7333333e+00  -2.1682809e+00
   7.9000000e-01   3.7333333e+00  -6.6304047e-01
   2.6000000e-01  -6.6666667e-01  -2.3359587e+00
   4.8000000e-01   3.5000000e+00  -2.4579537e+00
   1.5500000e-01  -1.5333333e+00  -2.1425797e+00
   4.0000000e-02   4.3666667e+00  -2.0103385e+00
  -2.4000000e-01  -2.6666667e-01  -2.2986270e+00
   6.0000000e-01   4.0000000e+00  -2.0770658e+00
   5.7500000e-01   2.6333333e+00  -2.1901365e+00
   7.8500000e-01  -2.4333333e+00  -7.1090208e-01
   3.2000000e-01   1.2666667e+00  -2.4354868e+00
   4.3500000e-01   2.8666667e+00  -2.5025866e+00
   2.6500000e-01   1.2000000e+00  -2.3450924e+00
   8.9000000e-01   2.1666667e+00   3.6365450e-01
   3.1500000e-01   1.0333333e+00  -2.4282862e+00
   1.1500000e-01   4.2333333e+00  -2.0818069e+00
   7.7000000e-01   1.8666667e+00  -8.5177344e-01
  -5.0000000e-02  -3.0000000e-01  -2.0161001e+00
   8.6000000e-01   4.6000000e+00   4.5152929e-02
   8.1000000e-01  -1.2000000e+00  -4.6745091e-01
   6.5000000e-02   1.3666667e+00  -2.0270350e+00
   5.0000000e-02  -8.6666667e-01  -2.0161001e+00
   8.5500000e-01  -3.2000000e+00  -7.3120866e-03
   3.4000000e-01  -5.3333333e-01  -2.4615627e+00
   7.8500000e-01  -3.8333333e+00  -7.1090208e-01
   7.3000000e-01   2.3666667e+00  -1.2052302e+00
   2.3500000e-01  -1.0666667e+00  -2.2891618e+00
   2.4000000e-01  -3.1000000e+00  -2.2986270e+00
  -5.5000000e-02  -3.2000000e+00  -2.0194431e+00
   2.7500000e-01  -2.4333333e+00  -2.3630259e+00
   9.3500000e-01   4.4000000e+00   8.4689779e-01
   2.6500000e-01   4.2666667e+00  -2.3450924e+00
   3.2500000e-01   1.8333333e+00  -2.4424285e+00
  -5.5000000e-02   3.0000000e+00  -2.0194431e+00
   7.3000000e-01   1.9666667e+00  -1.2052302e+00
   6.3500000e-01   2.7000000e+00  -1.8882846e+00
   4.1000000e-01   2.8000000e+00  -2.5077363e+00
   5.8500000e-01   5.0000000e-01  -2.1470904e+00
   2.6000000e-01  -1.5666667e+00  -2.3359587e+00
   4.5000000e-02   4.5333333e+00  -2.0130641e+00
   9.1000000e-01   4.8333333e+00   5.7822071e-01
   4.5500000e-01  -4.3666667e+00  -2.4886644e+00
   4.6000000e-01  -4.6666667e-01  -2.4837365e+00
   3.6000000e-01   2.0666667e+00  -2.4826193e+00
   6.8500000e-01   3.3333333e-01  -1.5584574e+00
   5.2500000e-01   4.5333333e+00  -2.3622203e+00
   9.3000000e-01   5.0000000e-01   7.9321866e-01
   3.6000000e-01  -8.6666667e-01  -2.4826193e+00
   2.5500000e-01   4.9333333e+00  -2.3267318e+00
   7.4000000e-01   3.5333333e+00  -1.1201149e+00
   2.0000000e-01  -1.0000000e-01  -2.2228807e+00
   6.3500000e-01   3.3000000e+00  -1.8882846e+00
   6.3000000e-01   7.3333333e-01  -1.9174154e+00
   8.0500000e-01   8.0000000e-01  -5.1694038e-01
   4.9500000e-01   4.5666667e+00  -2.4320026e+00
   8.5500000e-01   2.9333333e+00  -7.3120866e-03
   9.2500000e-01  -3.1333333e+00   7.3949295e-01
   3.0500000e-01   6.3333333e-01  -2.4131637e+00
   7.7000000e-01   1.2333333e+00  -8.5177344e-01
   7.0500000e-01   1.4333333e+00  -1.4077083e+00
   9.6500000e-01  -2.3333333e+00   1.1669597e+00
  -1.4500000e-01  -7.0000000e-01  -2.1262322e+00
   9.6000000e-01   3.3333333e+00   1.1139479e+00
   3.6000000e-01   1.0000000e-01  -2.4826193e+00
   8.3000000e-01   2.4666667e+00  -2.6595251e-01
   0.0000000e+00   2.2666667e+00  -2.0000000e+00
   7.6000000e-01   4.1666667e+00  -9.4329117e-01
   7.2000000e-01   3.9666667e+00  -1.2880295e+00
  -3.5000000e-02   4.6666667e-01  -2.0079265e+00
   9.2500000e-01   2.5333333e+00   7.3949295e-01
   3.1000000e-01  -4.3000000e+00  -2.4208405e+00
   2.3500000e-01   3.4000000e+00  -2.2891618e+00
   3.4500000e-01   3.4666667e+00  -2.4673313e+00
  -3.6500000e-01  -1.0666667e+00  -2.4869980e+00
   4.5000000e-02   2.9000000e+00  -2.0130641e+00
  -2.9500000e-01  -3.2000000e+00  -2.3971722e+00
  -1.5500000e-01   2.0333333e+00  -2.1425797e+00
   5.7000000e-01   2.3333333e+00  -2.2105707e+00
   3.3500000e-01   3.6666667e+00  -2.4554802e+00
   9.1500000e-01   1.3666667e+00   6.3197556e-01
   8.5000000e-01   4.6666667e+00  -5.9554007e-02
   6.7500000e-01   4.3333333e+00  -1.6299040e+00
   3.1000000e-01  -3.1000000e+00  -2.4208405e+00
   5.0000000e-01   2.9666667e+00  -2.4220505e+00
   3.0500000e-01  -6.6666667e-01  -2.4131637e+00
   9.0000000e-01   4.8666667e+00   4.7081048e-01
   9.4000000e-01   4.4666667e+00   9.0051185e-01
   1.0500000e-01   1.4333333e+00  -2.0687688e+00
   2.0500000e-01   3.3333333e+00  -2.2322636e+00
   9.1000000e-01  -1.0666667e+00   5.7822071e-01
  -3.0000000e-01   4.2666667e+00  -2.4052696e+00
   9.5000000e-01   4.1666667e+00   1.0074709e+00
   5.7500000e-01   2.5000000e+00  -2.1901365e+00
   8.6000000e-01   3.9333333e+00   4.5152929e-02
   5.4500000e-01   4.8000000e+00  -2.3019291e+00
   9.2500000e-01   1.5333333e+00   7.3949295e-01
   5.4000000e-01   1.0000000e+00  -2.3180572e+00
   6.9000000e-01  -1.4000000e+00  -1.5217407e+00
   3.5000000e-01   1.1000000e+00  -2.4727726e+00
  -1.2500000e-01   1.9000000e+00  -2.0957741e+00
   6.2000000e-01   1.7333333e+00  -1.9735240e+00
   6.6000000e-01   3.5333333e+00  -1.7320061e+00
   1.1000000e-01   1.1666667e+00  -2.0751678e+00
   7.4000000e-01   2.5666667e+00  -1.1201149e+00
   9.0000000e-01   3.9000000e+00   4.7081048e-01
   6.1000000e-01   4.7666667e+00  -2.0267456e+00
  -3.4000000e-01   3.6333333e+00  -2.4615627e+00
   6.4500000e-01   1.2000000e+00  -1.8278862e+00
   5.9000000e-01   3.4666667e+00  -2.1244767e+00
   6.8000000e-01   2.9000000e+00  -1.5945142e+00
   7.0000000e-01   1.5666667e+00  -1.4463581e+00
   6.7000000e-01   4.3666667e+00  -1.6646201e+00
   5.0500000e-01  -1.8000000e+00  -2.4114357e+00
   5.3500000e-01  -3.0000000e-01  -2.3334789e+00
   9.6500000e-01  -2.6666667e-01   1.1669597e+00
   8.7500000e-01   1.3666667e+00   2.0371376e-01
   8.0000000e-02   3.2000000e+00  -2.0406209e+00
  -4.4500000e-01  -1.6666667e+00  -2.4967636e+00
   6.5000000e-01   2.7333333e+00  -1.7966262e+00
   4.5000000e-01   2.4000000e+00  -2.4930035e+00
   2.5500000e-01  -3.5666667e+00  -2.3267318e+00
   4.0500000e-01   1.2666667e+00  -2.5072422e+00
   5.3000000e-01  -3.8333333e+00  -2.3481984e+00
   2.3500000e-01   4.0666667e+00  -2.2891618e+00
   6.2000000e-01   2.6333333e+00  -1.9735240e+00
   9.2500000e-01   4.4666667e+00   7.3949295e-01
   7.6500000e-01   2.8333333e+00  -8.9778073e-01
   9.8000000e-01   3.0000000e+00   1.3248677e+00
   9.6500000e-01   2.6000000e+00   1.1669597e+00
   3.0500000e-01  -1.5000000e+00  -2.4131637e+00
   3.8500000e-01  -1.0000000e-01  -2.5005756e+00
   9.5500000e-01   3.5333333e+00   1.0607789e+00
   4.3000000e-01  -1.0333333e+00  -2.5046701e+00
   4.7500000e-01   4.6333333e+00  -2.4653277e+00
   5.4500000e-01   2.9000000e+00  -2.3019291e+00
   5.4000000e-01   4.1000000e+00  -2.3180572e+00
   8.5500000e-01   3.7333333e+00  -7.3120866e-03
   4.5500000e-01  -3.9666667e+00  -2.4886644e+00
   8.4500000e-01  -1.0000000e-01  -1.1155579e-01
   6.9500000e-01   3.3333333e-01  -1.4843717e+00
   8.3500000e-01   1.8333333e+00  -2.1477164e-01
   5.8500000e-01   4.2000000e+00  -2.1470904e+00
   9.9000000e-01   4.9666667e+00   1.4290181e+00
   7.5000000e-01   4.2000000e+00  -1.0327710e+00
   9.5000000e-01   3.6666667e+00   1.0074709e+00
   9.8500000e-01   4.4666667e+00   1.3770671e+00
   3.0000000e-02  -4.6666667e-01  -2.0058305e+00
   7.3500000e-01   3.9666667e+00  -1.1629567e+00
   7.2500000e-01  -1.0666667e+00  -1.2469246e+00
   2.6500000e-01  -2.5333333e+00  -2.3450924e+00
   5.9000000e-01   6.6666667e-01  -2.1244767e+00
   9.0000000e-01   1.3666667e+00   4.7081048e-01
   4.3000000e-01   3.2666667e+00  -2.5046701e+00
   7.5500000e-01  -1.5333333e+00  -9.8829204e-01
   8.4000000e-01   4.3666667e+00  -1.6330056e-01
   6.0000000e-01  -3.3333333e-02  -2.0770658e+00
   5.3000000e-01   4.2666667e+00  -2.3481984e+00
   9.5000000e-01   5.0000000e-01   1.0074709e+00
   8.8500000e-01   4.4333333e+00   3.1021718e-01
  -2.6000000e-01  -3.1000000e+00  -2.3359587e+00
   9.3000000e-01   4.5000000e+00   7.9321866e-01
   1.2500000e-01   2.4000000e+00  -2.0957741e+00
   9.8000000e-01  -3.6000000e+00   1.3248677e+00
   7.5500000e-01   4.7333333e+00  -9.8829204e-01
   0.0000000e+00   3.8666667e+00  -2.0000000e+00
   7.9500000e-01  -1.6666667e-01  -6.1474998e-01
   9.1000000e-01   1.7333333e+00   5.7822071e-01
   4.0000000e-02  -1.5333333e+00  -2.0103385e+00
  -3.5000000e-02   4.5666667e+00  -2.0079265e+00
   9.9000000e-01   4.7000000e+00   1.4290181e+00
   8.8000000e-01   4.9000000e+00   2.5689765e-01
   8.7000000e-01   8.6666667e-01   1.5068328e-01
   8.9500000e-01   4.2666667e+00   4.1719163e-01
  -7.0000000e-02  -2.0000000e-01  -2.0312753e+00
   8.2000000e-01   3.8666667e+00  -3.6737860e-01
   8.2000000e-01   4.2666667e+00  -3.6737860e-01
   4.0500000e-01   2.6333333e+00  -2.5072422e+00
   6.8500000e-01   2.0666667e+00  -1.5584574e+00
   9.1000000e-01   4.3000000e+00   5.7822071e-01
   3.1500000e-01   3.3333333e+00  -2.4282862e+00
   9.4000000e-01  -7.0000000e-01   9.0051185e-01
  -1.4500000e-01  -1.8000000e+00  -2.1262322e+00
   6.1000000e-01  -4.3000000e+00  -2.0267456e+00
   4.8000000e-01   1.5666667e+00  -2.4579537e+00
  -2.6500000e-01   2.9000000e+00  -2.3450924e+00
  -3.0000000e-01   4.2666667e+00  -2.4052696e+00
  -1.7500000e-01   4.1333333e+00  -2.1771213e+00
   3.3000000e-01   6.6666667e-02  -2.4490976e+00
   9.0500000e-01   2.6666667e-01   5.2449292e-01
   3.1000000e-01   1.5333333e+00  -2.4208405e+00
   8.7500000e-01   3.5000000e+00   2.0371376e-01
   9.4500000e-01   6.3333333e-01   9.5404236e-01
   6.2000000e-01  -2.6666667e-01  -1.9735240e+00
   9.9500000e-01   7.6666667e-01   1.4807026e+00
  -2.6500000e-01   3.6333333e+00  -2.3450924e+00
   9.3000000e-01   1.2666667e+00   7.9321866e-01
   2.6000000e-01   2.3333333e+00  -2.3359587e+00
   8.2500000e-01   2.7666667e+00  -3.1682686e-01
   5.1000000e-01   2.2333333e+00  -2.4001514e+00
   3.2000000e-01   1.9666667e+00  -2.4354868e+00
   9.3000000e-01   3.9333333e+00   7.9321866e-01
   8.5500000e-01  -2.8000000e+00  -7.3120866e-03
   4.0000000e-02   3.0000000e+00  -2.0103385e+00
   2.1500000e-01   2.5666667e+00  -2.2511650e+00
   9.7000000e-01   3.8333333e+00   1.2197958e+00
   2.3500000e-01   3.3000000e+00  -2.2891618e+00
   1.0500000e-01   4.5666667e+00  -2.0687688e+00
   5.4500000e-01  -4.3000000e+00  -2.3019291e+00
   9.3500000e-01   3.7666667e+00   8.4689779e-01
   3.4000000e-01  -7.6666667e-01  -2.4615627e+00
  -3.2500000e-01   4.6666667e-01  -2.4424285e+00
   1.0000000e+00   5.0000000e+00   1.5321027e+00
